0	2
1	4
2	8
3	3
4	3
5	6
6	1
7	6
8	1
9	2
10	8
11	5
12	5
13	6
14	5
15	7
16	8
17	7
18	7
19	6
20	8
21	7
22	6
23	2
24	2
25	8
26	4
27	3
28	4
29	8
30	1
31	7
32	7
33	6
34	8
35	5
36	7
37	2
38	1
39	5
40	8
41	4
42	6
43	1
44	4
45	3
46	3
47	3
48	8
49	2
50	2
51	5
52	7
53	1
54	7
55	6
56	5
57	3
58	4
59	4
60	4
61	1
62	2
63	4
64	4
65	1
66	5
67	4
68	1
69	8
70	1
71	7
72	4
73	8
74	7
75	8
76	5
77	1
78	5
79	5
80	3
81	6
82	8
83	5
84	1
85	7
86	4
87	5
88	1
89	5
90	8
91	6
92	7
93	5
94	4
95	7
96	6
97	8
98	3
99	6
100	2
101	4
102	6
103	8
104	8
105	7
106	3
107	2
108	1
109	6
110	1
111	4
112	5
113	5
114	5
115	7
116	1
117	8
118	7
119	1
120	6
121	6
122	5
123	2
124	1
125	8
126	6
127	3
128	8
129	8
130	2
131	1
132	8
133	4
134	2
135	2
136	5
137	3
138	6
139	8
140	1
141	6
142	4
143	2
144	6
145	7
146	6
147	5
148	8
149	8
150	3
151	1
152	3
153	5
154	2
155	5
156	7
157	8
158	5
159	7
160	4
161	4
162	4
163	4
164	6
165	1
166	7
167	8
168	2
169	1
170	6
171	4
172	1
173	3
174	4
175	3
176	2
177	1
178	4
179	2
180	7
181	3
182	7
183	5
184	3
185	1
186	3
187	1
188	1
189	5
190	7
191	3
192	7
193	1
194	4
195	6
196	3
197	3
198	6
199	8
200	8
201	7
202	8
203	2
204	4
205	6
206	2
207	5
208	3
209	5
210	5
211	1
212	6
213	6
214	4
215	3
216	6
217	1
218	7
219	7
220	6
221	5
222	8
223	3
224	2
225	8
226	5
227	2
228	5
229	2
230	3
231	8
232	2
233	6
234	6
235	4
236	8
237	1
238	5
239	6
240	3
241	7
242	5
243	4
244	5
245	7
246	6
247	6
248	5
249	5
250	3
251	7
252	2
253	3
254	1
255	6
256	1
257	8
258	7
259	7
260	6
261	8
262	7
263	7
264	8
265	5
266	3
267	1
268	5
269	1
270	1
271	6
272	5
273	4
274	2
275	8
276	6
277	8
278	1
279	8
280	2
281	5
282	2
283	7
284	7
285	1
286	8
287	6
288	1
289	2
290	3
291	7
292	4
293	8
294	4
295	1
296	7
297	1
298	1
299	1
300	4
301	7
302	5
303	4
304	6
305	5
306	4
307	1
308	7
309	1
310	3
311	8
312	5
313	1
314	4
315	2
316	7
317	6
318	8
319	7
320	6
321	7
322	3
323	6
324	7
325	7
326	3
327	8
328	1
329	8
330	2
331	5
332	6
333	6
334	2
335	7
336	2
337	3
338	4
339	4
340	4
341	5
342	6
343	8
344	4
345	1
346	3
347	3
348	1
349	5
350	5
351	7
352	8
353	3
354	4
355	2
356	6
357	8
358	5
359	3
360	7
361	7
362	4
363	2
364	5
365	3
366	8
367	5
368	8
369	2
370	2
371	5
372	4
373	1
374	2
375	2
376	2
377	4
378	8
379	5
380	3
381	3
382	7
383	7
384	3
385	3
386	1
387	4
388	8
389	3
390	8
391	6
392	2
393	6
394	5
395	7
396	1
397	7
398	7
399	4
400	1
401	7
402	5
403	6
404	5
405	5
406	3
407	2
408	3
409	6
410	5
411	7
412	7
413	3
414	8
415	8
416	1
417	5
418	6
419	2
420	4
421	5
422	7
423	8
424	4
425	4
426	1
427	1
428	4
429	1
430	3
431	8
432	6
433	7
434	7
435	6
436	4
437	7
438	2
439	8
440	5
441	1
442	1
443	2
444	1
445	1
446	7
447	6
448	4
449	7
450	5
451	5
452	6
453	1
454	8
455	5
456	3
457	3
458	6
459	6
460	3
461	5
462	1
463	3
464	5
465	8
466	5
467	6
468	6
469	8
470	1
471	8
472	3
473	2
474	6
475	5
476	7
477	6
478	2
479	4
480	6
481	5
482	6
483	2
484	4
485	2
486	6
487	6
488	1
489	7
490	3
491	3
492	5
493	2
494	1
495	1
496	7
497	8
498	1
499	3
500	7
501	2
502	7
503	2
504	4
505	7
506	5
507	6
508	2
509	7
510	1
511	3
512	6
513	6
514	8
515	5
516	7
517	3
518	1
519	4
520	4
521	4
522	5
523	5
524	7
525	6
526	4
527	5
528	5
529	4
530	1
531	6
532	5
533	7
534	5
535	4
536	1
537	5
538	2
539	6
540	1
541	6
542	4
543	7
544	8
545	3
546	3
547	5
548	3
549	4
550	1
551	2
552	5
553	4
554	7
555	1
556	8
557	8
558	1
559	1
560	2
561	6
562	2
563	7
564	7
565	6
566	1
567	1
568	8
569	6
570	7
571	3
572	5
573	4
574	2
575	7
576	6
577	2
578	1
579	2
580	7
581	7
582	7
583	4
584	3
585	6
586	6
587	2
588	8
589	8
590	3
591	2
592	2
593	4
594	4
595	4
596	6
597	4
598	2
599	7
600	8
601	7
602	7
603	8
604	5
605	6
606	1
607	3
608	8
609	2
610	2
611	2
612	5
613	1
614	6
615	2
616	8
617	4
618	4
619	3
620	2
621	4
622	1
623	8
624	4
625	4
626	7
627	3
628	2
629	4
630	7
631	2
632	5
633	2
634	2
635	8
636	6
637	3
638	6
639	8
640	3
641	6
642	8
643	8
644	7
645	2
646	6
647	3
648	2
649	4
650	2
651	7
652	6
653	1
654	1
655	8
656	2
657	8
658	2
659	1
660	5
661	2
662	4
663	2
664	3
665	1
666	5
667	1
668	7
669	8
670	4
671	1
672	6
673	7
674	3
675	1
676	2
677	1
678	7
679	3
680	3
681	1
682	3
683	3
684	7
685	3
686	2
687	4
688	2
689	7
690	4
691	3
692	6
693	4
694	8
695	7
696	3
697	3
698	7
699	1
700	5
701	7
702	6
703	6
704	4
705	2
706	7
707	5
708	2
709	5
710	7
711	7
712	3
713	5
714	3
715	2
716	2
717	3
718	5
719	2
720	4
721	1
722	8
723	4
724	7
725	8
726	8
727	8
728	7
729	3
730	3
731	8
732	5
733	6
734	5
735	3
736	3
737	2
738	1
739	1
740	4
741	2
742	4
743	1
744	5
745	1
746	4
747	7
748	6
749	8
750	8
751	2
752	8
753	5
754	4
755	6
756	8
757	3
758	6
759	7
760	6
761	6
762	5
763	8
764	1
765	7
766	4
767	3
768	5
769	1
770	7
771	4
772	7
773	2
774	4
775	1
776	8
777	8
778	4
779	5
780	2
781	5
782	7
783	6
784	3
785	2
786	3
787	3
788	1
789	4
790	8
791	3
792	6
793	4
794	8
795	4
796	8
797	2
798	5
799	1
800	4
801	4
802	1
803	5
804	5
805	3
806	2
807	1
808	7
809	6
810	2
811	7
812	6
813	8
814	2
815	1
816	4
817	2
818	4
819	8
820	7
821	7
822	5
823	7
824	6
825	8
826	7
827	4
828	7
829	2
830	8
831	5
832	2
833	4
834	8
835	1
836	8
837	6
838	2
839	1
840	7
841	6
842	4
843	5
844	5
845	8
846	2
847	2
848	7
849	2
850	6
851	1
852	1
853	4
854	8
855	4
856	3
857	5
858	8
859	6
860	5
861	1
862	5
863	7
864	3
865	5
866	3
867	3
868	7
869	5
870	2
871	7
872	8
873	2
874	5
875	4
876	3
877	3
878	5
879	5
880	5
881	6
882	3
883	3
884	4
885	2
886	3
887	2
888	2
889	6
890	3
891	8
892	2
893	1
894	5
895	5
896	8
897	5
898	8
899	5
