0	3
1	1
2	7
3	1
4	7
5	6
6	8
7	2
8	7
9	5
10	1
11	4
12	4
13	5
14	4
15	5
16	6
17	2
18	2
19	2
20	6
21	1
22	7
23	6
24	3
25	4
26	6
27	1
28	6
29	4
30	1
31	5
32	2
33	7
34	2
35	4
36	8
37	6
38	2
39	5
40	5
41	6
42	3
43	1
44	6
45	7
46	4
47	3
48	3
49	4
50	3
51	2
52	8
53	5
54	1
55	5
56	7
57	1
58	7
59	4
60	6
61	3
62	3
63	7
64	6
65	1
66	1
67	6
68	2
69	1
70	5
71	2
72	3
73	5
74	8
75	8
76	6
77	1
78	2
79	1
80	4
81	6
82	7
83	2
84	2
85	8
86	2
87	4
88	5
89	7
90	6
91	1
92	8
93	1
94	7
95	1
96	8
97	2
98	8
99	1
100	6
101	7
102	8
103	3
104	7
105	4
106	4
107	3
108	1
109	3
110	6
111	4
112	7
113	8
114	6
115	4
116	5
117	2
118	8
119	4
120	8
121	6
122	8
123	5
124	7
125	7
126	6
127	4
128	8
129	2
130	1
131	6
132	1
133	8
134	1
135	5
136	3
137	5
138	8
139	1
140	6
141	4
142	2
143	2
144	6
145	1
146	2
147	7
148	8
149	3
150	8
151	1
152	7
153	4
154	2
155	3
156	3
157	7
158	2
159	5
160	7
161	1
162	8
163	4
164	4
165	8
166	4
167	3
168	5
169	1
170	3
171	1
172	1
173	3
174	6
175	8
176	8
177	8
178	7
179	4
180	8
181	6
182	2
183	2
184	3
185	3
186	5
187	2
188	8
189	8
190	7
191	8
192	7
193	8
194	4
195	3
196	7
197	7
198	5
199	3
200	1
201	8
202	2
203	5
204	7
205	8
206	8
207	1
208	4
209	4
210	8
211	4
212	6
213	8
214	4
215	7
216	7
217	5
218	4
219	6
220	8
221	3
222	5
223	8
224	1
225	7
226	2
227	2
228	3
229	4
230	5
231	3
232	2
233	6
234	8
235	5
236	5
237	2
238	2
239	1
240	6
241	4
242	4
243	3
244	2
245	7
246	7
247	5
248	3
249	7
250	8
251	4
252	8
253	2
254	4
255	5
256	2
257	2
258	3
259	2
260	3
261	5
262	5
263	7
264	8
265	8
266	8
267	8
268	4
269	5
270	2
271	8
272	1
273	3
274	5
275	4
276	3
277	8
278	2
279	2
280	8
281	8
282	3
283	5
284	4
285	3
286	7
287	8
288	1
289	7
290	3
291	7
292	2
293	2
294	5
295	6
296	3
297	1
298	1
299	8
300	5
301	1
302	4
303	4
304	3
305	3
306	2
307	4
308	5
309	2
310	6
311	3
312	5
313	4
314	2
315	7
316	7
317	7
318	1
319	4
320	5
321	5
322	2
323	2
324	6
325	2
326	3
327	2
328	7
329	6
330	2
331	2
332	3
333	3
334	3
335	7
336	2
337	7
338	8
339	6
340	7
341	4
342	7
343	8
344	6
345	1
346	3
347	4
348	7
349	4
350	5
351	7
352	1
353	4
354	8
355	4
356	1
357	5
358	3
359	1
360	6
361	1
362	5
363	5
364	2
365	8
366	4
367	7
368	1
369	2
370	3
371	2
372	3
373	1
374	4
375	8
376	8
377	4
378	1
379	4
380	2
381	1
382	7
383	4
384	7
385	8
386	4
387	8
388	5
389	2
390	1
391	3
392	3
393	2
394	2
395	1
396	3
397	4
398	6
399	6
400	8
401	8
402	6
403	7
404	2
405	7
406	8
407	4
408	2
409	3
410	4
411	4
412	7
413	7
414	3
415	1
416	1
417	5
418	7
419	5
420	3
421	4
422	4
423	1
424	2
425	7
426	2
427	1
428	7
429	4
430	1
431	5
432	4
433	6
434	8
435	8
436	6
437	3
438	2
439	4
440	2
441	2
442	5
443	5
444	3
445	5
446	1
447	4
448	8
449	3
450	3
451	1
452	4
453	4
454	1
455	5
456	1
457	4
458	1
459	8
460	2
461	3
462	4
463	8
464	5
465	3
466	2
467	6
468	1
469	7
470	2
471	3
472	4
473	2
474	8
475	4
476	7
477	5
478	3
479	3
480	3
481	7
482	4
483	7
484	7
485	1
486	1
487	2
488	2
489	8
490	2
491	6
492	2
493	1
494	6
495	7
496	3
497	7
498	5
499	7
500	1
501	1
502	5
503	1
504	5
505	3
506	2
507	6
508	7
509	1
510	3
511	4
512	7
513	8
514	8
515	5
516	2
517	4
518	2
519	8
520	2
521	4
522	2
523	7
524	5
525	8
526	7
527	6
528	2
529	4
530	8
531	4
532	8
533	5
534	6
535	5
536	8
537	3
538	5
539	1
540	7
541	3
542	8
543	8
544	2
545	2
546	2
547	7
548	8
549	7
550	2
551	6
552	5
553	1
554	7
555	7
556	3
557	8
558	5
559	5
560	4
561	2
562	6
563	8
564	6
565	4
566	3
567	2
568	5
569	1
570	7
571	6
572	5
573	6
574	6
575	5
576	3
577	1
578	3
579	1
580	8
581	5
582	5
583	8
584	4
585	6
586	6
587	4
588	5
589	5
590	4
591	3
592	2
593	5
594	2
595	8
596	3
597	2
598	4
599	1
600	2
601	8
602	8
603	2
604	6
605	5
606	3
607	3
608	6
609	1
610	5
611	7
612	8
613	2
614	3
615	3
616	1
617	5
618	7
619	7
620	8
621	5
622	4
623	1
624	3
625	8
626	8
627	3
628	6
629	5
630	2
631	7
632	6
633	1
634	5
635	5
636	4
637	4
638	8
639	2
640	2
641	7
642	8
643	1
644	1
645	3
646	1
647	2
648	6
649	1
650	1
651	1
652	2
653	7
654	4
655	8
656	3
657	8
658	4
659	1
660	7
661	1
662	3
663	2
664	6
665	5
666	6
667	8
668	6
669	4
670	7
671	3
672	7
673	6
674	7
675	6
676	4
677	4
678	4
679	3
680	8
681	2
682	3
683	2
684	5
685	6
686	8
687	5
688	1
689	2
690	2
691	4
692	1
693	7
694	4
695	5
696	2
697	3
698	7
699	2
700	1
701	2
702	8
703	7
704	3
705	4
706	7
707	5
708	4
709	5
710	8
711	8
712	8
713	8
714	5
715	4
716	6
717	7
718	3
719	2
720	1
721	7
722	3
723	1
724	8
725	1
726	3
727	3
728	6
729	5
730	3
731	6
732	1
733	8
734	7
735	4
736	7
737	1
738	6
739	2
740	7
741	7
742	5
743	2
744	2
745	7
746	5
747	6
748	2
749	7
750	2
751	7
752	6
753	1
754	6
755	1
756	7
757	6
758	7
759	5
760	6
761	6
762	6
763	8
764	8
765	7
766	3
767	3
768	2
769	2
770	7
771	3
772	2
773	2
774	7
775	5
776	2
777	4
778	4
779	4
780	5
781	5
782	4
783	3
784	2
785	5
786	1
787	7
788	1
789	6
790	7
791	1
792	4
793	6
794	6
795	7
796	3
797	4
798	3
799	8
800	8
801	8
802	6
803	8
804	2
805	2
806	8
807	4
808	2
809	7
810	5
811	5
812	6
813	3
814	5
815	5
816	5
817	1
818	2
819	8
820	7
821	5
822	3
823	7
824	8
825	2
826	7
827	7
828	5
829	1
830	5
831	8
832	4
833	6
834	4
835	6
836	2
837	7
838	5
839	8
840	5
841	5
842	1
843	8
844	2
845	6
846	5
847	2
848	4
849	5
850	7
851	4
852	6
853	2
854	7
855	6
856	5
857	2
858	4
859	5
860	2
861	7
862	2
863	2
864	7
865	5
866	2
867	1
868	2
869	8
870	8
871	3
872	7
873	6
874	2
875	2
876	1
877	4
878	7
879	8
880	3
881	4
882	2
883	8
884	3
885	5
886	4
887	7
888	3
889	3
890	2
891	1
892	2
893	2
894	5
895	4
896	2
897	1
898	7
899	6
