0	1
1	6
2	5
3	2
4	8
5	7
6	3
7	6
8	7
9	2
10	1
11	6
12	7
13	1
14	6
15	6
16	1
17	8
18	5
19	5
20	5
21	5
22	6
23	7
24	6
25	1
26	1
27	2
28	3
29	8
30	5
31	2
32	1
33	5
34	1
35	8
36	2
37	2
38	8
39	2
40	7
41	5
42	6
43	3
44	6
45	1
46	3
47	1
48	2
49	5
50	8
51	8
52	1
53	4
54	1
55	4
56	3
57	2
58	3
59	7
60	8
61	7
62	5
63	2
64	6
65	7
66	6
67	5
68	7
69	1
70	1
71	8
72	7
73	1
74	2
75	3
76	5
77	6
78	8
79	1
80	5
81	2
82	6
83	4
84	5
85	4
86	3
87	3
88	1
89	6
90	1
91	7
92	6
93	4
94	6
95	1
96	7
97	2
98	5
99	6
100	4
101	6
102	8
103	4
104	6
105	8
106	1
107	2
108	5
109	1
110	6
111	6
112	8
113	2
114	3
115	4
116	3
117	7
118	7
119	4
120	4
121	1
122	2
123	3
124	5
125	8
126	8
127	5
128	5
129	5
130	1
131	2
132	2
133	7
134	7
135	6
136	6
137	3
138	8
139	4
140	5
141	5
142	2
143	7
144	3
145	8
146	2
147	2
148	1
149	1
150	6
151	1
152	1
153	4
154	1
155	3
156	2
157	1
158	2
159	5
160	7
161	5
162	5
163	2
164	6
165	2
166	7
167	8
168	6
169	6
170	6
171	8
172	3
173	1
174	3
175	7
176	7
177	2
178	1
179	2
180	2
181	2
182	7
183	5
184	1
185	3
186	2
187	3
188	2
189	5
190	6
191	2
192	7
193	1
194	8
195	7
196	6
197	3
198	6
199	8
200	3
201	1
202	7
203	8
204	5
205	3
206	1
207	4
208	4
209	5
210	3
211	7
212	6
213	6
214	5
215	3
216	3
217	6
218	2
219	6
220	6
221	2
222	3
223	1
224	7
225	7
226	5
227	7
228	4
229	2
230	7
231	3
232	1
233	3
234	1
235	1
236	4
237	2
238	6
239	3
240	8
241	1
242	2
243	6
244	8
245	5
246	4
247	6
248	3
249	8
250	8
251	8
252	5
253	6
254	5
255	4
256	8
257	1
258	6
259	8
260	7
261	3
262	7
263	2
264	4
265	5
266	3
267	4
268	8
269	4
270	8
271	8
272	3
273	1
274	1
275	3
276	2
277	2
278	1
279	8
280	1
281	6
282	5
283	1
284	7
285	2
286	1
287	3
288	8
289	4
290	1
291	3
292	1
293	3
294	6
295	5
296	3
297	6
298	1
299	2
300	6
301	3
302	5
303	1
304	2
305	5
306	4
307	6
308	8
309	1
310	2
311	5
312	4
313	2
314	4
315	1
316	1
317	7
318	2
319	7
320	6
321	7
322	2
323	2
324	6
325	3
326	7
327	6
328	1
329	6
330	7
331	6
332	4
333	8
334	7
335	1
336	4
337	7
338	5
339	3
340	2
341	4
342	3
343	2
344	4
345	3
346	1
347	5
348	6
349	7
350	3
351	7
352	1
353	6
354	8
355	4
356	7
357	2
358	7
359	5
360	1
361	1
362	5
363	8
364	8
365	6
366	2
367	8
368	4
369	3
370	3
371	3
372	2
373	8
374	7
375	8
376	7
377	2
378	1
379	4
380	7
381	7
382	3
383	7
384	5
385	5
386	4
387	8
388	6
389	8
390	7
391	7
392	3
393	5
394	8
395	7
396	1
397	8
398	1
399	1
400	6
401	5
402	4
403	2
404	7
405	8
406	8
407	7
408	7
409	6
410	8
411	6
412	7
413	8
414	2
415	3
416	6
417	8
418	6
419	8
420	4
421	6
422	3
423	3
424	2
425	1
426	6
427	6
428	6
429	7
430	4
431	3
432	6
433	5
434	6
435	5
436	6
437	3
438	7
439	3
440	8
441	5
442	5
443	5
444	6
445	2
446	8
447	2
448	1
449	4
450	4
451	8
452	8
453	5
454	8
455	1
456	4
457	5
458	6
459	4
460	6
461	3
462	4
463	7
464	1
465	1
466	2
467	4
468	8
469	4
470	2
471	3
472	5
473	4
474	7
475	6
476	8
477	2
478	3
479	6
480	3
481	4
482	2
483	3
484	4
485	4
486	4
487	2
488	2
489	8
490	2
491	6
492	2
493	5
494	7
495	1
496	3
497	4
498	2
499	1
500	6
501	5
502	7
503	8
504	8
505	4
506	2
507	1
508	3
509	3
510	7
511	1
512	7
513	8
514	7
515	6
516	4
517	3
518	5
519	7
520	5
521	6
522	2
523	8
524	2
525	2
526	1
527	1
528	8
529	6
530	6
531	7
532	4
533	7
534	5
535	5
536	7
537	3
538	8
539	5
540	6
541	7
542	6
543	3
544	1
545	3
546	4
547	8
548	5
549	1
550	6
551	8
552	1
553	4
554	7
555	1
556	3
557	4
558	2
559	8
560	6
561	4
562	2
563	3
564	2
565	4
566	8
567	3
568	8
569	2
570	3
571	5
572	1
573	1
574	6
575	4
576	5
577	8
578	2
579	2
580	4
581	7
582	2
583	4
584	2
585	8
586	5
587	2
588	5
589	1
590	1
591	5
592	2
593	7
594	4
595	5
596	8
597	5
598	4
599	3
600	7
601	5
602	6
603	3
604	4
605	5
606	1
607	3
608	3
609	4
610	8
611	4
612	1
613	8
614	5
615	8
616	8
617	4
618	5
619	1
620	4
621	2
622	1
623	3
624	5
625	8
626	7
627	4
628	5
629	2
630	6
631	5
632	2
633	5
634	5
635	3
636	2
637	5
638	4
639	7
640	8
641	2
642	4
643	8
644	6
645	5
646	2
647	6
648	1
649	8
650	8
651	7
652	8
653	6
654	6
655	3
656	7
657	3
658	7
659	7
660	3
661	6
662	3
663	4
664	8
665	3
666	8
667	7
668	8
669	8
670	6
671	6
672	1
673	1
674	3
675	7
676	3
677	8
678	5
679	6
680	4
681	5
682	2
683	7
684	1
685	4
686	5
687	6
688	5
689	7
690	5
691	6
692	7
693	7
694	1
695	1
696	3
697	6
698	2
699	3
700	6
701	6
702	1
703	2
704	2
705	4
706	4
707	4
708	2
709	7
710	8
711	4
712	8
713	7
714	3
715	2
716	8
717	3
718	6
719	5
720	8
721	8
722	4
723	5
724	5
725	2
726	1
727	6
728	4
729	1
730	3
731	5
732	4
733	5
734	8
735	1
736	5
737	4
738	1
739	1
740	6
741	4
742	6
743	8
744	6
745	2
746	2
747	2
748	6
749	2
750	8
751	7
752	1
753	7
754	8
755	2
756	4
757	4
758	4
759	2
760	3
761	8
762	3
763	2
764	3
765	8
766	1
767	6
768	3
769	2
770	8
771	7
772	6
773	5
774	8
775	8
776	8
777	6
778	8
779	8
780	5
781	4
782	7
783	6
784	8
785	8
786	4
787	4
788	5
789	3
790	2
791	3
792	6
793	6
794	8
795	1
796	8
797	4
798	1
799	4
800	2
801	6
802	1
803	7
804	7
805	7
806	8
807	1
808	3
809	3
810	2
811	4
812	3
813	4
814	6
815	2
816	8
817	8
818	7
819	6
820	5
821	5
822	1
823	2
824	4
825	4
826	3
827	8
828	4
829	1
830	2
831	5
832	6
833	7
834	2
835	1
836	8
837	1
838	3
839	1
840	3
841	6
842	5
843	3
844	8
845	7
846	8
847	5
848	5
849	3
850	2
851	7
852	5
853	6
854	6
855	1
856	4
857	6
858	1
859	1
860	3
861	3
862	6
863	7
864	5
865	1
866	2
867	7
868	3
869	3
870	3
871	5
872	7
873	4
874	7
875	5
876	8
877	6
878	7
879	5
880	8
881	8
882	5
883	1
884	5
885	7
886	6
887	5
888	8
889	7
890	5
891	5
892	1
893	2
894	6
895	7
896	2
897	6
898	2
899	5
