0	7
1	1
2	1
3	1
4	1
5	4
6	8
7	5
8	8
9	5
10	4
11	4
12	8
13	4
14	4
15	4
16	4
17	4
18	4
19	4
20	7
21	1
22	7
23	7
24	7
25	5
26	5
27	7
28	7
29	5
30	6
31	1
32	1
33	1
34	1
35	1
36	1
37	1
38	1
39	7
40	4
41	4
42	8
43	4
44	4
45	2
46	6
47	4
48	4
49	4
50	7
51	6
52	7
53	7
54	7
55	7
56	5
57	7
58	7
59	7
60	5
61	1
62	1
63	1
64	1
65	1
66	1
67	1
68	1
69	7
70	4
71	4
72	4
73	4
74	4
75	4
76	4
77	4
78	4
79	4
80	7
81	4
82	7
83	7
84	7
85	7
86	7
87	7
88	7
89	7
90	5
91	1
92	1
93	1
94	1
95	1
96	1
97	1
98	3
99	3
100	4
101	4
102	4
103	5
104	4
105	4
106	5
107	4
108	3
109	3
110	4
111	7
112	7
113	7
114	7
115	7
116	7
117	8
118	8
119	7
120	5
121	4
122	1
123	1
124	1
125	1
126	1
127	1
128	1
129	4
130	4
131	4
132	4
133	5
134	4
135	4
136	4
137	4
138	4
139	4
140	7
141	7
142	7
143	7
144	7
145	7
146	7
147	7
148	1
149	7
150	5
151	1
152	1
153	1
154	1
155	1
156	1
157	1
158	1
159	6
160	4
161	4
162	4
163	8
164	5
165	4
166	4
167	4
168	3
169	4
170	7
171	7
172	3
173	7
174	7
175	7
176	7
177	7
178	7
179	7
180	3
181	1
182	1
183	1
184	1
185	1
186	1
187	1
188	1
189	1
190	8
191	4
192	4
193	4
194	1
195	4
196	4
197	5
198	4
199	7
200	7
201	7
202	7
203	7
204	7
205	7
206	4
207	7
208	7
209	7
210	7
211	1
212	1
213	1
214	1
215	1
216	1
217	1
218	1
219	1
220	4
221	4
222	4
223	4
224	4
225	5
226	4
227	4
228	4
229	4
230	7
231	7
232	7
233	7
234	7
235	7
236	7
237	7
238	7
239	7
240	6
241	1
242	1
243	1
244	1
245	1
246	1
247	1
248	1
249	1
250	4
251	4
252	4
253	4
254	4
255	5
256	4
257	4
258	4
259	4
260	7
261	7
262	7
263	7
264	7
265	7
266	7
267	7
268	7
269	7
270	3
271	1
272	1
273	1
274	1
275	1
276	1
277	1
278	1
279	1
280	4
281	4
282	4
283	4
284	4
285	4
286	4
287	4
288	4
289	4
290	7
291	7
292	7
293	7
294	7
295	4
296	4
297	7
298	7
299	7
300	3
301	4
302	7
303	5
304	6
305	6
306	2
307	2
308	2
309	2
310	5
311	5
312	5
313	5
314	5
315	5
316	5
317	5
318	3
319	8
320	8
321	7
322	8
323	8
324	8
325	8
326	8
327	8
328	8
329	6
330	7
331	7
332	4
333	7
334	6
335	6
336	2
337	2
338	2
339	2
340	5
341	5
342	5
343	5
344	5
345	5
346	5
347	5
348	5
349	8
350	8
351	8
352	8
353	8
354	8
355	8
356	8
357	8
358	8
359	6
360	7
361	5
362	2
363	2
364	2
365	2
366	2
367	2
368	2
369	2
370	5
371	5
372	5
373	5
374	5
375	5
376	5
377	4
378	7
379	1
380	8
381	8
382	8
383	8
384	8
385	8
386	8
387	8
388	8
389	8
390	2
391	4
392	2
393	2
394	2
395	2
396	2
397	2
398	2
399	2
400	5
401	5
402	5
403	5
404	5
405	5
406	5
407	7
408	1
409	4
410	8
411	8
412	8
413	8
414	8
415	8
416	8
417	8
418	8
419	8
420	2
421	2
422	2
423	2
424	2
425	2
426	2
427	2
428	2
429	2
430	5
431	5
432	5
433	5
434	4
435	4
436	4
437	4
438	4
439	4
440	8
441	8
442	8
443	8
444	8
445	8
446	5
447	8
448	8
449	8
450	2
451	2
452	2
453	2
454	2
455	2
456	2
457	2
458	2
459	2
460	5
461	5
462	5
463	5
464	3
465	1
466	1
467	7
468	3
469	3
470	8
471	8
472	8
473	8
474	8
475	8
476	7
477	8
478	8
479	8
480	2
481	2
482	2
483	2
484	2
485	2
486	2
487	2
488	2
489	2
490	5
491	5
492	5
493	5
494	3
495	7
496	8
497	8
498	3
499	3
500	8
501	8
502	8
503	8
504	8
505	8
506	8
507	7
508	8
509	8
510	2
511	2
512	2
513	2
514	4
515	2
516	2
517	2
518	2
519	2
520	3
521	7
522	7
523	3
524	7
525	7
526	7
527	8
528	3
529	3
530	8
531	8
532	8
533	8
534	8
535	8
536	8
537	8
538	8
539	8
540	2
541	2
542	2
543	2
544	4
545	2
546	2
547	2
548	2
549	2
550	8
551	3
552	7
553	7
554	1
555	3
556	4
557	2
558	5
559	5
560	8
561	8
562	8
563	8
564	8
565	8
566	8
567	8
568	8
569	8
570	2
571	5
572	2
573	5
574	7
575	2
576	6
577	7
578	4
579	2
580	4
581	4
582	4
583	4
584	1
585	3
586	4
587	5
588	5
589	5
590	8
591	8
592	8
593	8
594	8
595	8
596	8
597	8
598	8
599	8
600	3
601	5
602	3
603	3
604	3
605	3
606	3
607	3
608	4
609	7
610	7
611	6
612	6
613	6
614	6
615	6
616	4
617	2
618	6
619	6
620	9
621	9
622	9
623	9
624	9