0	1
1	1
2	1
3	1
4	1
5	1
6	1
7	1
8	1
9	1
10	4
11	4
12	4
13	4
14	4
15	4
16	4
17	4
18	4
19	4
20	7
21	7
22	7
23	7
24	7
25	7
26	7
27	7
28	7
29	7
30	1
31	1
32	1
33	1
34	1
35	1
36	1
37	1
38	1
39	1
40	4
41	4
42	4
43	4
44	4
45	4
46	4
47	4
48	4
49	4
50	7
51	7
52	7
53	7
54	7
55	7
56	7
57	7
58	7
59	7
60	1
61	1
62	1
63	1
64	1
65	1
66	1
67	1
68	1
69	1
70	4
71	4
72	4
73	4
74	4
75	4
76	4
77	4
78	4
79	4
80	7
81	7
82	7
83	7
84	7
85	7
86	7
87	7
88	7
89	7
90	1
91	1
92	1
93	1
94	1
95	1
96	1
97	1
98	1
99	1
100	4
101	4
102	4
103	4
104	4
105	4
106	4
107	4
108	4
109	4
110	7
111	7
112	7
113	7
114	7
115	7
116	7
117	7
118	7
119	7
120	1
121	1
122	1
123	1
124	1
125	1
126	1
127	1
128	1
129	1
130	4
131	4
132	4
133	4
134	4
135	4
136	4
137	4
138	4
139	4
140	7
141	7
142	7
143	7
144	7
145	7
146	7
147	7
148	7
149	7
150	1
151	1
152	1
153	1
154	1
155	1
156	1
157	1
158	1
159	1
160	4
161	4
162	4
163	4
164	4
165	4
166	4
167	4
168	4
169	4
170	7
171	7
172	7
173	7
174	7
175	7
176	7
177	7
178	7
179	7
180	1
181	1
182	1
183	1
184	1
185	1
186	1
187	1
188	1
189	1
190	4
191	4
192	4
193	4
194	4
195	4
196	4
197	4
198	4
199	4
200	7
201	7
202	7
203	7
204	7
205	7
206	7
207	7
208	7
209	7
210	1
211	1
212	1
213	1
214	1
215	1
216	1
217	1
218	1
219	1
220	4
221	4
222	4
223	4
224	4
225	4
226	4
227	4
228	4
229	4
230	7
231	7
232	7
233	7
234	7
235	7
236	7
237	7
238	7
239	7
240	1
241	1
242	1
243	1
244	1
245	1
246	1
247	1
248	1
249	1
250	4
251	4
252	4
253	4
254	4
255	4
256	4
257	4
258	4
259	4
260	7
261	7
262	7
263	7
264	7
265	7
266	7
267	7
268	7
269	7
270	1
271	1
272	1
273	1
274	1
275	1
276	1
277	1
278	1
279	1
280	4
281	4
282	4
283	4
284	4
285	4
286	4
287	4
288	4
289	4
290	7
291	7
292	7
293	7
294	7
295	7
296	7
297	7
298	7
299	7
300	2
301	2
302	2
303	2
304	2
305	2
306	2
307	2
308	2
309	2
310	5
311	5
312	5
313	5
314	5
315	5
316	5
317	5
318	5
319	5
320	8
321	8
322	8
323	8
324	8
325	8
326	8
327	8
328	8
329	8
330	2
331	2
332	2
333	2
334	2
335	2
336	2
337	2
338	2
339	2
340	5
341	5
342	5
343	5
344	5
345	5
346	5
347	5
348	5
349	5
350	8
351	8
352	8
353	8
354	8
355	8
356	8
357	8
358	8
359	8
360	2
361	2
362	2
363	2
364	2
365	2
366	2
367	2
368	2
369	2
370	5
371	5
372	5
373	5
374	5
375	5
376	5
377	5
378	5
379	5
380	8
381	8
382	8
383	8
384	8
385	8
386	8
387	8
388	8
389	8
390	2
391	2
392	2
393	2
394	2
395	2
396	2
397	2
398	2
399	2
400	5
401	5
402	5
403	5
404	5
405	5
406	5
407	5
408	5
409	5
410	8
411	8
412	8
413	8
414	8
415	8
416	8
417	8
418	8
419	8
420	2
421	2
422	2
423	2
424	2
425	2
426	2
427	2
428	2
429	2
430	5
431	5
432	5
433	5
434	5
435	5
436	5
437	5
438	5
439	5
440	8
441	8
442	8
443	8
444	8
445	8
446	8
447	8
448	8
449	8
450	2
451	2
452	2
453	2
454	2
455	2
456	2
457	2
458	2
459	2
460	5
461	5
462	5
463	5
464	5
465	5
466	5
467	5
468	5
469	5
470	8
471	8
472	8
473	8
474	8
475	8
476	8
477	8
478	8
479	8
480	2
481	2
482	2
483	2
484	2
485	2
486	2
487	2
488	2
489	2
490	5
491	5
492	5
493	5
494	5
495	5
496	5
497	5
498	5
499	5
500	8
501	8
502	8
503	8
504	8
505	8
506	8
507	8
508	8
509	8
510	2
511	2
512	2
513	2
514	2
515	2
516	2
517	2
518	2
519	2
520	5
521	5
522	5
523	5
524	5
525	5
526	5
527	5
528	5
529	5
530	8
531	8
532	8
533	8
534	8
535	8
536	8
537	8
538	8
539	8
540	2
541	2
542	2
543	2
544	2
545	2
546	2
547	2
548	2
549	2
550	5
551	5
552	5
553	5
554	5
555	5
556	5
557	5
558	5
559	5
560	8
561	8
562	8
563	8
564	8
565	8
566	8
567	8
568	8
569	8
570	2
571	2
572	2
573	2
574	2
575	2
576	2
577	2
578	2
579	2
580	5
581	5
582	5
583	5
584	5
585	5
586	5
587	5
588	5
589	5
590	8
591	8
592	8
593	8
594	8
595	8
596	8
597	8
598	8
599	8
600	3
601	3
602	3
603	3
604	3
605	3
606	3
607	3
608	3
609	3
610	6
611	6
612	6
613	6
614	6
615	6
616	6
617	6
618	6
619	6
620	0
621	0
622	0
623	0
624	0
625	0
626	0
627	0
628	0
629	0
630	3
631	3
632	3
633	3
634	3
635	3
636	3
637	3
638	3
639	3
640	6
641	6
642	6
643	6
644	6
645	6
646	6
647	6
648	6
649	6
650	0
651	0
652	0
653	0
654	0
655	0
656	0
657	0
658	0
659	0
660	3
661	3
662	3
663	3
664	3
665	3
666	3
667	3
668	3
669	3
670	6
671	6
672	6
673	6
674	6
675	6
676	6
677	6
678	6
679	6
680	0
681	0
682	0
683	0
684	0
685	0
686	0
687	0
688	0
689	0
690	3
691	3
692	3
693	3
694	3
695	3
696	3
697	3
698	3
699	3
700	6
701	6
702	6
703	6
704	6
705	6
706	6
707	6
708	6
709	6
710	0
711	0
712	0
713	0
714	0
715	0
716	0
717	0
718	0
719	0
720	3
721	3
722	3
723	3
724	3
725	3
726	3
727	3
728	3
729	3
730	6
731	6
732	6
733	6
734	6
735	6
736	6
737	6
738	6
739	6
740	0
741	0
742	0
743	0
744	0
745	0
746	0
747	0
748	0
749	0
750	3
751	3
752	3
753	3
754	3
755	3
756	3
757	3
758	3
759	3
760	6
761	6
762	6
763	6
764	6
765	6
766	6
767	6
768	6
769	6
770	0
771	0
772	0
773	0
774	0
775	0
776	0
777	0
778	0
779	0
780	3
781	3
782	3
783	3
784	3
785	3
786	3
787	3
788	3
789	3
790	6
791	6
792	6
793	6
794	6
795	6
796	6
797	6
798	6
799	6
800	0
801	0
802	0
803	0
804	0
805	0
806	0
807	0
808	0
809	0
810	3
811	3
812	3
813	3
814	3
815	3
816	3
817	3
818	3
819	3
820	6
821	6
822	6
823	6
824	6
825	6
826	6
827	6
828	6
829	6
830	0
831	0
832	0
833	0
834	0
835	0
836	0
837	0
838	0
839	0
840	3
841	3
842	3
843	3
844	3
845	3
846	3
847	3
848	3
849	3
850	6
851	6
852	6
853	6
854	6
855	6
856	6
857	6
858	6
859	6
860	0
861	0
862	0
863	0
864	0
865	0
866	0
867	0
868	0
869	0
870	3
871	3
872	3
873	3
874	3
875	3
876	3
877	3
878	3
879	3
880	6
881	6
882	6
883	6
884	6
885	6
886	6
887	6
888	6
889	6
890	0
891	0
892	0
893	0
894	0
895	0
896	0
897	0
898	0
899	0
