0	1
1	1
2	1
3	1
4	1
5	1
6	1
7	1
8	1
9	1
10	4
11	4
12	4
13	4
14	4
15	6
16	6
17	6
18	6
19	6
20	8
21	8
22	8
23	8
24	8
25	8
26	8
27	8
28	8
29	8
30	1
31	1
32	1
33	1
34	1
35	1
36	1
37	1
38	1
39	1
40	4
41	4
42	4
43	4
44	4
45	6
46	6
47	6
48	6
49	6
50	8
51	8
52	8
53	8
54	8
55	8
56	8
57	8
58	8
59	8
60	1
61	1
62	1
63	1
64	1
65	1
66	1
67	1
68	1
69	1
70	4
71	4
72	4
73	4
74	4
75	6
76	6
77	6
78	6
79	6
80	8
81	8
82	8
83	8
84	8
85	8
86	8
87	8
88	8
89	8
90	1
91	1
92	1
93	1
94	1
95	1
96	1
97	1
98	1
99	1
100	4
101	4
102	4
103	4
104	4
105	6
106	6
107	6
108	6
109	6
110	8
111	8
112	8
113	8
114	8
115	8
116	8
117	8
118	8
119	8
120	1
121	1
122	1
123	1
124	1
125	1
126	1
127	1
128	1
129	1
130	4
131	4
132	4
133	4
134	4
135	6
136	6
137	6
138	6
139	6
140	8
141	8
142	8
143	8
144	8
145	8
146	8
147	8
148	8
149	8
150	1
151	1
152	1
153	1
154	1
155	1
156	1
157	1
158	1
159	1
160	4
161	4
162	4
163	4
164	4
165	6
166	6
167	6
168	6
169	6
170	8
171	8
172	8
173	8
174	8
175	8
176	8
177	8
178	8
179	8
180	1
181	1
182	1
183	1
184	1
185	1
186	1
187	1
188	1
189	1
190	4
191	4
192	4
193	4
194	4
195	6
196	6
197	6
198	6
199	6
200	8
201	8
202	8
203	8
204	8
205	8
206	8
207	8
208	8
209	8
210	1
211	1
212	1
213	1
214	1
215	1
216	1
217	1
218	1
219	1
220	4
221	4
222	4
223	4
224	4
225	6
226	6
227	6
228	6
229	6
230	8
231	8
232	8
233	8
234	8
235	8
236	8
237	8
238	8
239	8
240	1
241	1
242	1
243	1
244	1
245	1
246	1
247	1
248	1
249	1
250	4
251	4
252	4
253	4
254	4
255	6
256	6
257	6
258	6
259	6
260	8
261	8
262	8
263	8
264	8
265	8
266	8
267	8
268	8
269	8
270	1
271	1
272	1
273	1
274	1
275	1
276	1
277	1
278	1
279	1
280	4
281	4
282	4
283	4
284	4
285	6
286	6
287	6
288	6
289	6
290	8
291	8
292	8
293	8
294	8
295	8
296	8
297	8
298	8
299	8
300	1
301	1
302	1
303	1
304	1
305	1
306	1
307	1
308	1
309	1
310	4
311	4
312	4
313	4
314	4
315	6
316	6
317	6
318	6
319	6
320	8
321	8
322	8
323	8
324	8
325	8
326	8
327	8
328	8
329	8
330	1
331	1
332	1
333	1
334	1
335	1
336	1
337	1
338	1
339	1
340	4
341	4
342	4
343	4
344	4
345	6
346	6
347	6
348	6
349	6
350	8
351	8
352	8
353	8
354	8
355	8
356	8
357	8
358	8
359	8
360	1
361	1
362	1
363	1
364	1
365	1
366	1
367	1
368	1
369	1
370	4
371	4
372	4
373	4
374	4
375	6
376	6
377	6
378	6
379	6
380	8
381	8
382	8
383	8
384	8
385	8
386	8
387	8
388	8
389	8
390	1
391	1
392	1
393	1
394	1
395	1
396	1
397	1
398	1
399	1
400	4
401	4
402	4
403	4
404	4
405	6
406	6
407	6
408	6
409	6
410	8
411	8
412	8
413	8
414	8
415	8
416	8
417	8
418	8
419	8
420	1
421	1
422	1
423	1
424	1
425	1
426	1
427	1
428	1
429	1
430	4
431	4
432	4
433	4
434	4
435	6
436	6
437	6
438	6
439	6
440	8
441	8
442	8
443	8
444	8
445	8
446	8
447	8
448	8
449	8
450	2
451	2
452	2
453	2
454	2
455	2
456	2
457	2
458	2
459	2
460	5
461	5
462	5
463	5
464	5
465	7
466	7
467	7
468	7
469	7
470	0
471	0
472	0
473	0
474	0
475	0
476	0
477	0
478	0
479	0
480	2
481	2
482	2
483	2
484	2
485	2
486	2
487	2
488	2
489	2
490	5
491	5
492	5
493	5
494	5
495	7
496	7
497	7
498	7
499	7
500	0
501	0
502	0
503	0
504	0
505	0
506	0
507	0
508	0
509	0
510	2
511	2
512	2
513	2
514	2
515	2
516	2
517	2
518	2
519	2
520	5
521	5
522	5
523	5
524	5
525	7
526	7
527	7
528	7
529	7
530	0
531	0
532	0
533	0
534	0
535	0
536	0
537	0
538	0
539	0
540	2
541	2
542	2
543	2
544	2
545	2
546	2
547	2
548	2
549	2
550	5
551	5
552	5
553	5
554	5
555	7
556	7
557	7
558	7
559	7
560	0
561	0
562	0
563	0
564	0
565	0
566	0
567	0
568	0
569	0
570	2
571	2
572	2
573	2
574	2
575	2
576	2
577	2
578	2
579	2
580	5
581	5
582	5
583	5
584	5
585	7
586	7
587	7
588	7
589	7
590	0
591	0
592	0
593	0
594	0
595	0
596	0
597	0
598	0
599	0
600	2
601	2
602	2
603	2
604	2
605	2
606	2
607	2
608	2
609	2
610	3
611	3
612	3
613	3
614	3
615	3
616	3
617	3
618	3
619	3
620	3
621	3
622	3
623	3
624	3
625	0
626	0
627	0
628	0
629	0
630	2
631	2
632	2
633	2
634	2
635	2
636	2
637	2
638	2
639	2
640	3
641	3
642	3
643	3
644	3
645	3
646	3
647	3
648	3
649	3
650	3
651	3
652	3
653	3
654	3
655	0
656	0
657	0
658	0
659	0
660	2
661	2
662	2
663	2
664	2
665	2
666	2
667	2
668	2
669	2
670	3
671	3
672	3
673	3
674	3
675	3
676	3
677	3
678	3
679	3
680	3
681	3
682	3
683	3
684	3
685	0
686	0
687	0
688	0
689	0
690	2
691	2
692	2
693	2
694	2
695	2
696	2
697	2
698	2
699	2
700	3
701	3
702	3
703	3
704	3
705	3
706	3
707	3
708	3
709	3
710	3
711	3
712	3
713	3
714	3
715	0
716	0
717	0
718	0
719	0
720	2
721	2
722	2
723	2
724	2
725	2
726	2
727	2
728	2
729	2
730	3
731	3
732	3
733	3
734	3
735	3
736	3
737	3
738	3
739	3
740	3
741	3
742	3
743	3
744	3
745	0
746	0
747	0
748	0
749	0
750	2
751	2
752	2
753	2
754	2
755	2
756	2
757	2
758	2
759	2
760	3
761	3
762	3
763	3
764	3
765	3
766	3
767	3
768	3
769	3
770	3
771	3
772	3
773	3
774	3
775	0
776	0
777	0
778	0
779	0
780	2
781	2
782	2
783	2
784	2
785	2
786	2
787	2
788	2
789	2
790	3
791	3
792	3
793	3
794	3
795	3
796	3
797	3
798	3
799	3
800	3
801	3
802	3
803	3
804	3
805	0
806	0
807	0
808	0
809	0
810	2
811	2
812	2
813	2
814	2
815	2
816	2
817	2
818	2
819	2
820	3
821	3
822	3
823	3
824	3
825	3
826	3
827	3
828	3
829	3
830	3
831	3
832	3
833	3
834	3
835	0
836	0
837	0
838	0
839	0
840	2
841	2
842	2
843	2
844	2
845	2
846	2
847	2
848	2
849	2
850	3
851	3
852	3
853	3
854	3
855	3
856	3
857	3
858	3
859	3
860	3
861	3
862	3
863	3
864	3
865	0
866	0
867	0
868	0
869	0
870	2
871	2
872	2
873	2
874	2
875	2
876	2
877	2
878	2
879	2
880	3
881	3
882	3
883	3
884	3
885	3
886	3
887	3
888	3
889	3
890	3
891	3
892	3
893	3
894	3
895	0
896	0
897	0
898	0
899	0
