1440
29
496	496	1
500	500	1
501	501	1
521	521	1
526	526	2
530	530	2
531	531	1
551	551	2
552	552	1
553	553	3
555	555	2
556	556	4
557	557	1
559	559	1
560	560	1
581	581	2
582	582	1
585	585	1
586	586	6
589	589	1
610	610	1
613	613	1
620	620	2
621	621	1
650	650	1
652	652	1
673	673	1
675	675	2
676	676	1
41
493	493	1
496	496	2
497	497	1
499	499	2
500	500	1
501	501	1
521	521	2
526	526	3
527	527	1
529	529	1
530	530	4
531	531	1
551	551	3
552	552	1
553	553	3
555	555	2
556	556	5
557	557	1
559	559	1
560	560	2
562	562	1
581	581	2
582	582	1
585	585	7
586	586	7
589	589	1
590	590	2
610	610	1
613	613	3
615	615	2
616	616	2
619	619	1
620	620	2
621	621	1
650	650	1
652	652	1
672	672	1
673	673	2
675	675	2
676	676	1
755	755	1
51
430	430	1
467	467	1
491	491	1
492	492	2
493	493	5
496	496	2
497	497	2
499	499	3
500	500	1
501	501	1
521	521	7
523	523	1
524	524	4
526	526	4
527	527	1
529	529	1
530	530	5
531	531	1
551	551	3
552	552	1
553	553	3
554	554	1
555	555	7
556	556	6
557	557	1
559	559	1
560	560	5
562	562	2
581	581	2
582	582	1
585	585	10
586	586	10
589	589	1
590	590	2
592	592	2
610	610	1
612	612	3
613	613	3
615	615	2
616	616	2
619	619	4
620	620	3
621	621	1
646	646	2
650	650	1
652	652	1
672	672	1
673	673	6
675	675	2
676	676	1
755	755	1
58
429	429	1
430	430	2
460	460	1
467	467	1
491	491	2
492	492	5
493	493	5
496	496	2
497	497	2
499	499	4
500	500	1
501	501	1
521	521	7
522	522	1
523	523	1
524	524	5
526	526	6
527	527	1
529	529	1
530	530	6
531	531	1
549	549	1
551	551	3
552	552	2
553	553	3
554	554	4
555	555	9
556	556	7
557	557	1
559	559	2
560	560	5
562	562	2
580	580	1
581	581	2
582	582	1
585	585	12
586	586	12
589	589	1
590	590	2
592	592	3
610	610	3
612	612	3
613	613	6
615	615	4
616	616	2
619	619	5
620	620	3
621	621	1
622	622	1
646	646	2
650	650	2
651	651	2
652	652	1
672	672	1
673	673	6
675	675	2
676	676	2
755	755	1
66
429	429	1
430	430	2
460	460	1
467	467	1
490	490	1
491	491	2
492	492	5
493	493	5
496	496	2
497	497	2
499	499	4
500	500	2
501	501	1
521	521	7
522	522	1
523	523	2
524	524	5
525	525	1
526	526	7
527	527	1
529	529	1
530	530	6
531	531	1
549	549	1
551	551	7
552	552	2
553	553	4
554	554	5
555	555	12
556	556	9
557	557	3
559	559	5
560	560	7
561	561	1
562	562	2
580	580	1
581	581	3
582	582	1
585	585	13
586	586	13
589	589	1
590	590	2
592	592	3
610	610	3
612	612	4
613	613	7
615	615	4
616	616	2
619	619	7
620	620	5
621	621	1
622	622	1
641	641	1
645	645	1
646	646	2
650	650	2
651	651	2
652	652	1
672	672	1
673	673	6
675	675	3
676	676	2
681	681	1
700	700	1
755	755	1
899	432	1
70
429	429	1
430	430	2
460	460	1
467	467	1
490	490	1
491	491	4
492	492	6
493	493	7
496	496	2
497	497	4
499	499	4
500	500	3
501	501	1
521	521	13
522	522	1
523	523	2
524	524	5
525	525	1
526	526	9
527	527	1
529	529	1
530	530	7
531	531	1
549	549	1
551	551	11
552	552	3
553	553	4
554	554	5
555	555	13
556	556	10
557	557	3
559	559	7
560	560	7
561	561	1
562	562	3
580	580	1
581	581	3
582	582	1
585	585	14
586	586	21
589	589	1
590	590	2
592	592	3
610	610	6
612	612	5
613	613	7
615	615	4
616	616	2
617	617	1
619	619	8
620	620	6
621	621	2
622	622	1
641	641	1
645	645	2
646	646	2
650	650	2
651	651	3
652	652	1
672	672	1
673	673	9
675	675	3
676	676	2
681	681	2
700	700	1
701	701	1
705	705	1
706	706	1
755	755	1
785	785	2
73
429	429	1
430	430	2
460	460	1
467	467	1
490	490	1
491	491	5
492	492	6
493	493	7
496	496	3
497	497	4
499	499	5
500	500	3
501	501	1
521	521	15
522	522	3
523	523	2
524	524	5
525	525	2
526	526	10
527	527	1
529	529	1
530	530	7
531	531	1
549	549	1
551	551	11
552	552	3
553	553	5
554	554	5
555	555	16
556	556	12
557	557	3
558	558	1
559	559	7
560	560	7
561	561	3
562	562	3
563	563	1
580	580	1
581	581	3
582	582	1
585	585	15
586	586	22
589	589	2
590	590	2
592	592	4
610	610	7
612	612	7
613	613	9
615	615	4
616	616	2
617	617	1
619	619	8
620	620	7
621	621	3
622	622	1
633	633	1
641	641	1
645	645	2
646	646	2
650	650	2
651	651	3
652	652	1
672	672	2
673	673	9
675	675	3
676	676	2
681	681	2
700	700	1
701	701	1
705	705	1
706	706	2
755	755	1
785	785	3
77
193	193	1
429	429	1
430	430	2
432	432	1
446	446	1
460	460	1
467	467	1
490	490	2
491	491	5
492	492	14
493	493	7
496	496	4
497	497	4
499	499	8
500	500	3
501	501	1
521	521	16
522	522	4
523	523	2
524	524	5
525	525	2
526	526	10
527	527	1
529	529	1
530	530	9
531	531	1
549	549	1
551	551	15
552	552	2
553	553	5
554	554	5
555	555	18
556	556	13
557	557	3
558	558	1
559	559	7
560	560	8
561	561	5
562	562	4
563	563	1
580	580	1
581	581	3
582	582	1
585	585	16
586	586	25
588	588	1
589	589	2
590	590	2
592	592	4
610	610	9
612	612	7
613	613	9
615	615	4
616	616	2
617	617	1
619	619	8
620	620	8
621	621	4
622	622	1
633	633	1
641	641	1
645	645	2
646	646	2
650	650	2
651	651	4
652	652	1
672	672	2
673	673	9
675	675	3
676	676	3
681	681	2
700	700	1
701	701	1
705	705	1
706	706	2
755	755	1
785	785	3
80
193	193	1
429	429	1
430	430	2
432	432	1
446	446	2
460	460	1
467	467	1
490	490	2
491	491	7
492	492	14
493	493	7
496	496	3
497	497	4
499	499	8
500	500	3
501	501	1
521	521	16
522	522	4
523	523	3
524	524	7
525	525	2
526	526	10
527	527	1
529	529	1
530	530	9
531	531	1
549	549	1
551	551	16
552	552	2
553	553	5
554	554	5
555	555	19
556	556	15
556	557	1
557	557	3
558	558	1
559	559	8
560	560	8
561	561	5
562	562	4
563	563	11
580	580	1
581	581	3
582	582	1
585	585	18
586	586	26
587	587	2
588	588	1
589	589	2
590	590	2
592	592	6
610	610	12
612	612	7
613	613	9
615	615	4
616	616	2
617	617	1
619	619	8
620	620	9
621	621	4
622	622	1
633	633	1
641	641	1
645	645	2
646	646	2
650	650	2
651	651	4
652	652	1
672	672	2
673	673	10
675	675	3
676	676	4
681	681	2
700	700	1
701	701	1
705	705	1
706	706	2
755	755	1
785	785	3
899	461	1
79
193	193	1
429	429	1
430	430	2
432	432	1
446	446	2
460	460	1
467	467	1
490	490	3
491	491	7
492	492	14
493	493	7
496	496	3
497	497	4
499	499	8
500	500	4
501	501	1
521	521	16
522	522	4
523	523	3
524	524	7
525	525	2
526	526	10
527	527	1
529	529	1
530	530	9
531	531	1
549	549	1
551	551	16
552	552	2
553	553	5
554	554	5
555	555	19
556	556	15
557	557	3
558	558	1
559	559	9
560	560	8
561	561	5
562	562	4
563	563	11
580	580	1
581	581	3
582	582	1
585	585	19
586	586	31
587	587	2
588	588	1
589	589	2
590	590	2
591	591	1
592	592	6
610	610	10
612	612	7
613	613	9
615	615	4
616	616	2
617	617	1
619	619	8
620	620	9
621	621	4
622	622	2
633	633	1
641	641	1
645	645	2
646	646	2
650	650	3
651	651	4
652	652	1
672	672	2
673	673	10
675	675	4
676	676	4
681	681	2
700	700	1
701	701	1
705	705	1
706	706	2
755	755	1
785	785	3
83
193	193	1
223	223	1
429	429	1
430	430	2
432	432	1
446	446	2
460	460	1
461	461	1
461	462	1
467	467	1
490	490	3
491	491	7
492	492	13
493	493	7
496	496	3
497	497	4
499	499	8
500	500	3
501	501	1
521	521	16
522	522	4
523	523	4
524	524	7
525	525	2
526	526	10
527	527	3
529	529	3
530	530	9
531	559	1
549	549	1
551	551	16
552	552	3
553	553	5
554	554	5
555	555	20
556	556	17
557	557	4
558	558	1
559	559	9
560	560	11
561	561	4
562	562	4
563	563	12
580	580	1
581	581	3
582	582	1
585	585	19
586	586	35
587	587	2
588	588	1
589	589	2
590	590	2
591	591	1
592	592	6
610	610	10
612	612	7
613	613	9
615	615	4
616	616	3
617	617	1
619	619	10
620	620	9
621	621	4
622	622	2
633	633	1
641	641	1
645	645	2
646	646	3
650	650	3
651	651	4
652	652	1
666	666	1
672	672	2
673	673	11
675	675	4
676	676	4
681	681	2
700	700	1
701	701	1
705	705	1
706	706	2
755	755	1
785	785	3
83
193	193	1
223	223	1
429	429	1
430	430	2
432	432	1
446	446	2
460	460	1
461	461	2
467	467	1
490	490	3
491	491	10
492	492	13
493	493	7
496	496	3
497	497	6
499	499	8
500	500	3
501	501	1
521	521	16
522	522	4
523	523	4
524	524	7
525	525	2
526	526	10
527	527	3
529	529	3
530	530	12
549	549	1
551	551	16
552	552	5
553	553	5
554	554	5
555	555	21
556	556	17
557	557	5
558	558	1
559	559	9
560	560	12
561	561	4
562	562	4
563	563	12
580	580	1
581	581	3
582	582	1
585	585	19
586	586	36
587	587	2
588	588	1
589	589	2
590	590	2
591	591	1
592	592	6
610	610	10
612	612	7
613	613	9
615	615	4
616	616	3
617	617	1
619	619	10
620	620	10
621	621	4
622	622	2
633	633	1
641	641	1
645	645	2
646	646	3
650	650	3
651	651	4
652	652	1
666	666	1
672	672	2
673	673	11
675	675	4
676	676	4
681	681	2
700	700	1
701	701	1
704	704	1
705	705	1
706	706	1
755	755	1
785	785	3
899	756	1
83
193	193	1
223	223	1
429	429	1
430	430	2
432	432	1
446	446	2
460	460	1
461	461	2
467	467	1
490	490	3
491	491	10
492	492	13
493	493	7
496	496	3
497	497	7
499	499	8
500	500	5
501	501	1
521	521	16
522	522	4
523	523	4
524	524	7
525	525	2
526	526	10
527	527	3
529	529	3
530	530	12
549	549	1
551	551	16
552	552	5
553	553	5
554	554	5
555	555	22
556	524	1
556	556	17
557	557	5
558	558	2
559	559	11
560	560	12
561	561	4
562	562	4
563	563	12
580	580	1
581	581	3
582	582	1
585	585	20
586	586	43
587	587	2
588	588	1
589	589	2
590	590	2
591	591	1
592	592	7
610	610	11
612	612	7
613	613	9
615	615	4
616	616	3
617	617	1
619	619	10
620	620	10
621	621	4
622	622	2
633	633	1
641	641	1
645	645	2
646	646	6
650	650	4
651	651	4
652	652	1
666	666	1
672	672	2
673	673	11
675	675	4
676	676	4
681	681	2
700	700	1
701	701	1
704	704	2
705	705	1
706	706	1
755	755	1
785	785	3
85
193	193	1
223	223	1
429	429	1
430	430	6
432	432	1
446	446	2
460	460	1
461	461	3
466	466	3
467	467	1
490	490	3
491	491	10
492	492	13
493	493	7
496	496	4
497	497	7
499	499	8
500	500	5
501	501	1
521	521	17
522	522	4
523	523	4
524	524	7
525	525	2
526	526	11
527	527	3
529	529	3
530	530	12
549	549	1
551	551	16
552	552	5
553	553	9
554	554	5
555	555	23
556	556	17
557	557	5
558	558	2
559	559	12
560	560	12
561	561	4
562	562	4
563	563	12
580	580	1
581	581	3
582	582	1
585	585	21
586	586	45
587	587	3
588	588	1
589	589	2
590	590	2
591	591	1
592	592	7
609	609	2
610	610	11
612	612	7
613	613	9
615	615	4
616	616	3
617	617	1
619	619	10
620	620	10
621	621	4
622	622	2
633	633	1
641	641	1
645	645	2
646	646	6
650	650	4
651	651	4
652	652	1
666	666	1
672	672	2
673	673	11
675	675	4
676	676	4
681	681	2
700	700	1
701	701	3
704	704	2
705	705	1
706	706	1
755	755	1
785	785	4
899	559	1
84
193	193	1
223	223	1
429	429	1
430	430	6
432	432	2
446	446	2
460	460	1
461	461	3
466	466	3
467	467	1
490	490	3
491	491	9
492	492	13
493	493	7
496	496	4
497	497	10
499	499	9
500	500	5
501	501	1
521	521	18
522	522	4
523	523	4
524	524	7
525	525	2
526	526	12
527	527	3
529	529	3
530	530	12
549	549	1
551	551	17
552	552	6
553	553	9
554	554	6
555	555	24
556	556	17
557	557	7
558	558	2
559	559	13
560	560	12
561	561	4
562	562	4
563	563	12
580	580	1
581	581	3
582	582	1
585	585	22
586	586	45
587	587	3
588	588	1
589	589	2
590	590	3
591	591	1
592	592	7
609	609	2
610	610	11
612	612	8
613	613	11
615	615	4
616	616	3
617	617	1
619	619	10
620	620	11
621	621	4
622	622	1
633	633	1
641	641	1
645	645	2
646	646	7
650	650	4
651	651	4
652	652	1
666	666	1
672	672	3
673	673	12
675	675	4
676	676	6
681	681	2
700	700	1
701	701	3
704	704	2
705	705	1
706	706	2
755	755	1
785	785	4
87
193	193	1
223	223	1
429	429	1
430	430	6
432	432	2
446	446	2
460	460	2
461	461	3
466	466	3
467	467	1
490	490	3
491	491	9
492	492	14
493	493	7
496	496	4
497	497	10
499	499	9
500	500	5
501	501	1
521	521	18
522	522	4
523	523	4
524	524	7
525	525	2
526	526	12
527	527	3
528	528	1
529	529	2
530	530	12
549	549	1
551	551	18
552	552	6
553	553	9
554	554	8
555	555	24
556	556	17
557	557	7
558	558	2
559	558	1
559	559	13
560	560	12
561	561	3
562	562	4
563	563	12
580	580	1
581	581	3
582	582	1
585	585	22
586	586	47
587	587	3
588	588	1
589	589	2
590	590	3
591	591	1
592	592	9
609	609	2
610	610	12
611	611	2
612	612	9
613	613	11
615	615	4
616	616	3
617	617	1
619	619	10
620	620	11
621	621	4
622	622	1
633	633	1
641	641	1
645	645	2
646	646	7
650	650	4
651	651	4
652	652	1
666	666	1
672	672	5
673	673	11
675	675	4
676	676	7
681	681	2
700	700	1
701	701	3
704	704	3
705	705	1
706	706	2
755	755	1
785	785	4
89
193	193	1
223	223	1
429	429	1
430	430	6
432	432	2
446	446	2
460	460	2
461	461	3
466	466	3
467	467	1
490	490	3
491	491	9
492	492	14
493	493	7
496	496	5
497	497	10
499	499	9
500	500	5
501	501	1
521	521	17
522	522	4
523	523	4
524	524	7
525	525	2
526	526	12
527	527	3
528	528	1
529	529	2
529	560	1
530	530	12
549	549	1
551	551	18
552	552	6
553	553	9
554	554	8
555	555	25
556	556	18
557	557	7
558	558	2
559	559	13
560	560	12
561	561	3
562	562	4
563	563	12
580	580	1
581	581	3
582	582	1
585	585	25
586	586	48
587	587	4
588	588	1
589	589	2
590	590	3
591	591	1
592	592	9
609	609	2
610	610	14
611	611	2
612	612	9
613	613	11
615	615	4
616	616	3
617	617	1
619	619	10
620	620	11
621	621	4
622	622	1
633	633	1
641	641	1
645	645	2
646	646	7
647	647	1
650	650	4
651	651	4
652	652	1
666	666	1
672	672	5
673	673	11
675	675	4
676	676	7
681	681	2
696	696	1
700	700	1
701	701	3
704	704	3
705	705	1
706	706	2
755	755	1
785	785	4
94
193	193	1
223	223	1
429	429	1
430	430	6
432	432	2
446	446	2
460	460	2
461	461	3
466	466	3
467	467	1
490	490	4
491	491	9
492	460	1
492	492	14
493	493	7
496	496	5
497	497	10
499	499	9
500	500	5
501	501	1
521	521	17
522	522	4
523	523	3
524	524	8
525	525	2
526	526	13
527	527	3
528	528	1
529	529	2
530	530	12
549	549	1
551	551	18
552	552	6
553	553	9
554	554	8
555	555	26
556	556	20
557	557	8
558	558	2
559	559	13
560	560	12
561	561	3
561	592	1
562	562	4
563	563	12
580	580	1
581	581	3
582	582	1
583	583	1
585	585	26
586	586	51
587	587	4
588	588	1
589	589	5
590	590	3
591	591	1
592	592	9
609	609	2
610	610	15
611	611	2
612	612	9
613	613	11
615	615	4
616	616	3
617	617	1
619	619	10
620	620	11
621	621	4
622	592	1
622	622	2
633	633	1
641	641	1
642	642	1
645	645	2
646	646	7
647	647	1
650	650	4
651	651	4
652	652	1
666	666	1
672	672	5
673	673	11
675	675	4
676	676	7
681	681	2
696	696	1
700	700	1
701	701	3
704	704	3
705	705	1
706	706	2
755	755	1
785	785	4
899	705	1
90
193	193	1
223	223	1
429	429	1
430	430	6
432	432	5
446	446	2
460	460	2
461	461	3
466	466	3
467	467	1
490	490	4
491	491	9
492	492	14
493	493	7
496	496	5
497	497	10
499	499	9
500	500	5
501	501	1
521	521	17
522	522	4
523	523	3
524	524	8
525	525	2
526	526	13
527	527	3
528	528	1
529	529	2
530	530	13
549	549	3
551	551	18
552	552	6
553	553	9
554	554	8
555	555	28
556	556	20
557	557	9
558	558	3
559	559	12
560	560	13
561	561	3
562	562	4
563	563	12
580	580	1
581	581	3
582	582	2
583	583	1
585	585	27
586	586	53
587	587	4
588	588	1
589	589	5
590	590	3
591	591	1
592	592	9
609	609	2
610	610	14
611	611	2
612	612	9
613	613	11
615	615	4
616	616	3
617	617	1
619	619	11
620	620	15
621	621	4
622	622	6
633	633	1
641	641	1
642	642	1
645	645	2
646	646	8
647	647	1
650	650	4
651	651	4
652	652	1
666	666	1
672	672	5
673	673	11
675	675	4
676	676	7
681	681	2
696	696	1
700	700	2
701	701	3
704	704	3
705	705	1
706	706	2
755	755	1
785	785	4
92
193	193	1
223	223	1
429	429	1
430	430	6
431	431	1
432	432	5
446	446	2
460	460	3
461	461	3
466	466	3
467	467	1
490	490	4
491	491	9
492	492	14
493	493	7
496	496	5
497	497	10
499	499	9
500	500	5
501	501	1
521	521	17
522	522	5
523	523	3
524	524	8
525	525	2
526	526	14
527	527	4
528	528	1
529	529	2
530	530	14
549	549	3
551	551	19
552	552	6
553	553	9
554	554	8
555	555	28
556	556	20
557	557	9
558	558	3
559	559	12
560	560	13
561	561	3
561	592	1
562	562	4
563	563	12
580	580	1
581	581	3
582	582	2
583	583	1
585	585	27
586	586	53
587	587	4
588	588	1
589	589	5
590	590	3
591	591	1
592	592	9
609	609	2
610	610	15
611	611	2
612	612	9
613	613	11
615	615	4
616	616	3
617	617	2
619	619	11
620	620	15
621	621	4
622	622	6
633	633	1
641	641	1
642	642	1
645	645	2
646	646	8
647	647	1
650	650	6
651	651	4
652	652	1
666	666	1
672	672	5
673	673	11
675	675	4
676	676	7
681	681	2
696	696	1
700	700	2
701	701	3
704	704	3
705	705	2
706	706	2
755	755	1
785	785	4
93
193	193	1
223	223	1
429	429	1
430	430	6
431	431	1
432	432	5
446	446	2
460	460	3
461	461	4
466	466	3
467	467	3
490	490	4
491	491	9
492	492	14
493	493	7
496	496	5
497	497	10
499	499	9
500	500	5
501	501	1
521	521	18
522	522	5
523	523	3
524	524	8
525	525	2
526	526	14
527	527	5
528	528	1
529	529	2
530	530	14
549	549	3
551	551	19
552	552	6
552	611	1
553	553	10
554	554	8
555	555	32
556	556	20
557	557	9
558	557	1
558	558	3
559	559	12
560	560	13
561	561	3
562	562	4
563	563	12
580	580	1
581	581	3
582	582	2
583	583	1
585	585	27
586	586	53
587	587	4
588	588	1
589	589	5
590	590	3
591	591	1
592	592	9
609	609	3
610	610	15
611	611	2
612	612	10
613	613	11
615	615	4
616	616	3
617	617	2
619	619	11
620	620	15
621	621	4
622	622	6
633	633	1
641	641	1
642	642	1
645	645	2
646	646	8
647	647	1
650	650	6
651	651	4
652	652	1
666	666	1
672	672	5
673	673	11
675	675	4
676	676	8
681	681	2
696	696	1
700	700	2
701	701	3
704	704	3
705	705	2
706	706	2
755	755	1
785	785	4
93
193	193	1
223	223	1
400	400	1
429	429	1
430	430	6
431	431	4
432	432	5
446	446	2
460	460	4
461	461	4
466	466	3
467	467	3
490	490	4
491	491	9
492	492	13
493	493	7
496	496	5
497	497	10
499	499	9
500	500	5
501	501	1
521	521	18
522	522	5
523	523	3
524	524	8
525	525	2
526	526	14
527	527	5
528	528	1
529	529	2
530	530	14
549	549	3
550	550	2
551	551	19
552	552	5
553	553	10
554	554	8
555	555	33
556	556	19
557	557	9
558	558	3
559	559	12
560	560	14
561	561	3
562	562	4
563	563	12
580	580	1
581	581	3
582	582	2
583	583	1
585	585	26
586	586	54
587	587	5
588	588	1
589	589	5
590	590	3
591	591	1
592	592	9
609	609	3
610	610	15
611	611	2
612	612	11
613	613	11
615	615	4
616	616	3
617	617	2
619	619	11
620	620	16
621	621	4
622	622	6
633	633	1
641	641	1
642	642	1
645	645	2
646	646	9
647	647	1
650	650	6
651	651	4
652	652	1
666	666	1
672	672	6
673	673	11
675	675	5
676	676	11
681	681	2
696	696	1
700	700	2
701	701	3
704	704	3
705	705	2
706	706	2
755	755	1
785	785	4
97
193	193	1
223	223	1
400	400	1
429	429	1
430	430	6
431	431	4
432	432	5
446	446	2
460	460	3
461	461	4
462	492	1
466	466	3
467	467	3
490	490	4
491	491	9
491	521	1
492	492	13
493	493	7
496	496	5
497	497	11
499	499	9
500	500	5
501	501	1
521	521	19
522	522	7
523	523	3
524	524	8
525	525	2
526	526	14
527	527	5
528	528	1
529	529	3
530	530	14
549	549	3
550	550	2
551	551	20
552	552	5
553	553	10
554	554	8
555	555	33
556	556	20
557	557	9
558	558	3
559	529	1
559	559	12
560	560	13
561	561	3
562	562	4
563	563	12
580	580	1
581	581	3
582	582	2
583	583	1
585	585	26
586	586	54
587	587	6
588	588	1
589	589	5
590	590	2
591	591	4
592	592	9
609	609	3
610	610	15
611	611	2
612	612	12
613	613	11
615	615	4
616	616	4
617	617	2
619	619	11
620	620	16
621	621	4
622	622	6
633	633	1
641	641	1
642	642	1
645	645	2
646	646	9
647	647	1
650	650	6
651	651	4
652	652	1
666	666	1
672	672	6
673	673	12
675	675	4
676	676	11
681	681	2
695	695	1
696	696	1
700	700	6
701	701	3
704	704	3
705	705	2
706	706	2
755	755	1
785	785	4
97
193	193	1
223	223	1
400	400	1
429	429	1
430	430	6
431	431	4
432	432	5
446	446	2
460	460	3
461	461	4
466	466	3
467	467	3
490	490	4
491	491	9
492	492	13
493	493	7
496	496	5
497	497	12
499	499	9
500	500	5
501	501	1
521	521	21
522	522	7
523	523	3
524	524	9
525	525	2
526	526	14
527	527	5
528	528	1
529	529	3
530	530	14
549	549	3
550	550	2
551	521	1
551	551	21
552	552	5
553	553	10
554	554	9
555	555	33
556	556	20
557	557	9
558	558	3
559	559	12
560	560	13
561	561	3
562	562	4
563	563	12
580	580	1
581	581	3
582	582	2
583	583	1
585	585	26
586	586	54
587	587	6
588	588	1
589	589	5
590	590	2
590	652	1
591	591	4
592	591	1
592	592	9
609	609	3
610	610	17
611	611	2
612	612	13
613	613	11
615	615	4
616	616	3
617	617	2
619	619	12
620	620	16
621	621	4
622	622	6
633	633	1
641	641	1
642	642	1
645	645	2
646	646	9
647	647	1
650	650	6
651	651	4
652	652	2
666	666	1
672	672	6
673	673	12
675	675	4
676	676	11
681	681	2
695	695	1
696	696	1
700	700	6
701	701	3
704	704	3
705	705	2
706	706	2
755	755	1
785	785	4
100
193	193	1
223	223	1
400	400	1
429	429	1
430	430	6
431	431	4
432	432	5
446	446	2
460	460	3
461	461	5
466	466	3
467	467	3
490	490	4
491	491	9
492	461	1
492	492	13
493	493	7
496	496	5
497	497	12
499	499	10
500	500	5
501	501	1
521	521	21
522	522	7
523	523	3
524	524	9
525	525	2
526	526	16
527	527	5
528	528	1
529	529	3
530	530	16
549	549	3
550	550	2
551	551	21
552	552	5
553	553	10
554	554	8
555	555	32
556	556	20
557	557	9
558	558	4
559	559	12
560	560	13
560	586	1
561	561	2
562	562	4
563	563	12
580	580	1
581	581	4
582	582	2
583	583	1
585	551	1
585	585	26
586	586	54
587	587	6
588	588	2
589	589	5
590	590	2
591	591	4
592	592	10
609	609	3
610	610	17
611	611	2
612	612	13
613	613	11
615	615	4
615	676	1
616	616	3
616	676	1
617	617	2
619	619	12
620	620	16
621	621	4
622	622	6
633	633	1
641	641	1
642	642	1
645	645	2
646	646	9
647	647	1
650	650	6
651	651	4
652	652	2
666	666	1
672	672	6
673	673	12
675	675	4
676	676	16
681	681	2
695	695	1
696	696	1
700	700	6
701	701	3
704	704	4
705	705	2
706	706	2
755	755	1
785	785	4
899	558	1
98
193	193	1
223	223	1
400	400	1
429	429	1
430	430	6
431	431	4
432	432	5
446	446	2
460	432	1
460	460	3
461	461	5
466	466	3
467	467	3
490	490	4
491	491	9
492	492	13
493	493	7
496	496	5
497	497	11
499	499	10
500	500	5
501	501	1
521	521	21
522	522	7
523	523	3
524	524	9
525	525	2
526	526	16
527	527	5
528	528	1
529	529	3
530	530	16
549	549	3
550	550	2
551	551	21
552	552	5
553	553	10
554	554	8
555	555	32
556	556	20
557	556	1
557	557	8
557	589	1
558	558	4
559	559	12
560	560	13
561	561	2
562	562	4
563	563	12
580	580	1
581	581	4
582	582	2
583	583	1
585	585	26
586	586	53
587	587	6
588	588	2
589	589	5
590	590	2
591	591	4
592	592	10
609	609	3
610	610	17
611	611	2
612	612	13
613	613	10
615	615	4
616	616	3
617	617	2
619	619	12
620	620	16
621	621	4
622	622	6
633	633	1
641	641	1
642	642	1
645	645	2
646	646	9
647	647	1
650	650	7
651	651	4
652	652	2
666	666	1
672	672	6
673	673	14
675	675	4
676	676	16
681	681	2
695	695	1
696	696	1
700	700	6
701	701	3
704	704	4
705	705	2
706	706	2
755	755	1
785	785	4
899	643	1
99
193	193	1
223	223	1
400	400	1
429	429	1
430	430	8
431	431	4
432	432	8
446	446	2
460	460	3
461	461	5
466	466	3
467	467	3
490	490	4
491	491	13
492	492	13
493	493	7
496	496	5
497	497	11
497	586	1
499	499	10
500	500	5
501	501	2
521	491	1
521	521	21
522	522	7
523	523	3
524	524	9
525	525	2
526	526	16
527	527	5
528	528	1
529	529	3
530	530	16
549	549	3
550	550	2
551	551	21
552	552	5
553	553	10
554	554	8
555	555	30
556	556	20
557	557	8
558	558	4
559	559	12
560	560	13
561	561	2
562	562	4
563	563	12
580	580	1
581	581	5
582	582	2
583	583	1
585	585	26
586	586	53
587	587	6
588	588	2
589	589	6
590	590	2
591	591	4
592	592	10
592	593	1
609	609	3
610	610	17
611	611	2
612	612	13
613	613	10
615	615	4
616	616	3
617	617	2
619	619	12
620	620	18
621	621	4
622	622	6
633	633	1
641	641	1
642	642	1
645	645	2
646	646	9
647	647	1
650	650	7
651	651	4
652	622	1
652	652	2
666	666	1
672	672	6
673	673	15
675	675	4
675	705	1
676	676	16
681	681	2
695	695	1
696	696	1
700	700	6
701	701	3
704	704	4
705	705	2
706	706	2
755	755	1
785	785	4
98
193	193	1
223	223	1
400	400	1
429	429	1
430	430	9
431	431	4
432	432	8
446	446	2
460	460	3
460	461	1
461	461	5
466	466	3
467	467	3
469	469	1
490	490	4
491	491	13
492	492	13
493	493	7
496	496	5
497	497	11
499	499	10
500	500	5
501	501	2
521	521	21
522	522	6
523	523	3
524	524	9
525	525	2
526	526	16
527	527	5
528	528	1
529	529	3
530	530	16
549	549	3
550	550	2
551	551	21
552	552	5
553	553	10
554	554	8
554	586	1
555	555	30
556	556	20
557	557	8
558	558	4
559	559	12
560	560	13
561	561	2
562	562	4
563	563	12
580	580	1
581	581	5
582	582	2
583	583	1
585	585	26
586	586	53
587	587	6
588	588	2
589	589	6
590	590	2
591	591	4
592	592	10
609	609	3
610	610	17
611	611	2
612	612	14
613	613	10
615	615	4
616	616	3
617	617	2
619	619	12
620	620	19
621	621	4
622	622	6
633	633	1
641	641	1
642	642	1
645	645	2
646	646	9
647	647	1
650	650	7
651	651	4
652	652	2
666	666	1
672	672	6
673	673	18
675	675	4
676	676	16
681	681	2
695	695	1
696	696	1
700	700	6
701	701	3
704	704	4
705	705	2
706	706	2
755	755	1
785	785	4
899	612	1
98
193	193	1
223	223	1
400	400	1
429	429	1
430	430	9
431	431	5
432	432	8
446	446	2
460	460	3
461	461	5
466	466	3
467	467	3
469	469	1
490	490	4
491	491	13
492	492	14
493	493	7
496	496	5
497	497	11
499	499	10
500	500	5
501	501	2
521	521	22
522	522	6
523	523	3
524	524	9
525	525	2
526	526	16
527	527	5
528	528	1
529	529	3
530	530	16
549	549	3
550	550	2
551	551	21
552	552	5
553	553	10
554	554	8
555	555	30
555	676	1
556	556	19
556	673	1
557	557	8
558	558	4
559	559	12
560	560	13
561	561	2
562	562	4
563	563	12
580	580	1
581	581	5
582	582	2
583	583	1
585	585	26
586	586	51
587	587	6
588	588	2
589	589	6
590	590	2
591	591	4
592	592	10
609	609	3
610	610	17
611	611	2
612	612	14
613	613	10
615	615	4
616	616	3
617	617	2
619	619	12
620	620	19
621	621	4
622	621	1
622	622	6
633	633	1
641	641	1
642	642	1
645	645	2
646	646	9
647	647	1
650	650	7
651	651	4
652	652	2
666	666	1
672	672	6
673	673	19
675	675	4
676	676	17
681	681	2
695	695	1
696	696	1
700	700	6
701	701	3
704	704	4
705	705	2
706	706	3
755	755	1
785	785	4
101
193	193	1
223	223	1
400	400	1
429	429	1
430	430	9
431	431	5
432	432	8
446	446	2
460	460	3
461	461	5
466	466	3
467	467	3
469	469	1
490	490	4
491	491	14
492	492	14
493	493	7
496	496	5
497	497	11
499	499	10
500	500	5
501	501	2
521	521	23
521	522	1
522	522	6
523	523	3
524	524	9
525	525	2
526	526	16
527	527	5
528	528	1
529	529	3
530	530	16
549	549	3
550	550	2
551	551	21
552	552	5
553	553	10
554	554	8
555	555	30
556	556	19
556	560	1
557	557	8
557	560	1
558	558	4
559	559	12
560	559	1
560	560	13
561	561	2
562	562	4
563	563	12
580	580	1
581	581	5
582	582	2
583	583	1
585	585	26
586	586	51
587	587	6
588	588	2
589	589	5
590	590	2
591	591	4
592	592	10
609	609	3
610	610	17
611	611	2
612	612	14
613	553	1
613	613	10
615	615	4
616	616	3
617	617	2
619	619	12
620	620	19
621	621	4
622	622	6
633	633	1
641	641	1
642	642	1
645	645	2
646	646	9
647	647	1
650	650	7
651	651	4
652	652	2
666	666	1
672	672	6
673	673	19
675	675	4
676	645	1
676	676	17
681	681	2
695	695	1
696	696	1
700	700	6
701	701	3
704	704	4
705	705	2
706	706	3
755	755	1
785	785	4
99
193	193	1
223	223	1
400	400	1
429	429	1
430	430	9
431	431	5
432	432	8
446	446	2
460	460	3
461	461	5
466	466	3
467	467	3
469	469	1
490	490	4
491	491	14
492	492	14
493	493	7
496	496	5
497	497	11
499	499	10
500	500	5
501	501	2
521	521	23
521	551	1
522	461	1
522	522	6
523	523	3
524	524	9
525	525	2
526	526	17
527	527	5
528	528	1
529	529	4
530	530	16
549	549	3
550	550	2
551	551	23
552	552	5
553	553	10
554	554	8
555	555	30
556	555	1
556	556	19
557	557	8
558	558	4
559	559	12
560	560	13
561	561	2
562	562	4
563	563	12
580	580	1
581	581	5
582	582	2
583	583	1
585	585	26
586	586	52
587	587	6
588	588	2
589	589	5
590	590	2
591	591	4
592	592	10
609	609	3
610	610	17
611	611	2
611	641	1
612	612	15
613	613	10
615	615	4
616	616	3
617	617	2
619	619	12
620	620	19
621	621	4
622	622	6
633	633	1
641	641	1
642	642	1
645	645	2
646	646	9
647	647	1
650	650	7
651	651	6
652	652	2
666	666	1
672	672	6
673	673	18
675	675	5
676	676	17
681	681	2
695	695	1
696	696	1
700	700	6
701	701	3
704	704	4
705	705	2
706	706	4
755	755	1
785	785	4
100
193	193	1
223	223	1
400	400	1
401	401	1
429	429	1
430	430	9
431	431	5
432	432	8
446	446	2
460	460	3
461	461	5
466	466	3
467	467	3
469	469	1
490	490	4
491	491	14
492	492	14
493	493	7
496	496	5
497	497	11
499	499	10
500	500	5
501	501	2
521	521	23
522	522	6
523	523	3
524	524	9
525	525	2
526	526	17
527	527	5
528	528	1
529	529	4
530	530	16
549	549	3
550	550	2
551	551	23
552	552	5
553	553	10
554	554	8
555	555	29
556	556	19
557	557	8
558	558	4
559	559	12
560	530	1
560	560	13
561	561	2
561	651	1
562	562	4
563	563	12
580	580	1
581	581	5
582	582	2
583	583	1
585	585	26
586	497	1
586	586	53
587	587	6
588	588	2
589	589	5
590	590	2
591	591	4
592	592	10
609	609	3
610	610	17
611	611	2
612	612	15
613	613	10
615	615	4
616	616	3
617	617	2
619	619	12
620	620	19
621	621	4
622	622	6
633	633	1
641	641	1
642	642	1
645	645	2
646	646	10
647	647	1
650	650	7
651	651	7
652	652	2
666	666	1
672	672	6
673	673	18
675	675	5
676	676	17
681	681	2
695	695	1
696	696	1
700	700	6
701	701	3
704	704	4
705	704	1
705	705	2
706	706	4
755	755	1
785	785	4
104
193	193	1
223	223	1
400	400	1
401	401	1
429	429	1
430	430	9
431	431	5
432	432	8
446	446	2
460	460	3
461	461	5
466	466	3
467	467	3
469	469	1
490	490	4
491	491	14
492	492	14
493	493	7
496	496	5
497	497	11
499	499	10
500	500	5
501	501	2
521	521	23
522	522	6
522	552	1
523	523	3
524	524	9
525	525	2
526	526	17
527	527	5
528	528	1
529	529	4
530	530	16
549	549	3
550	550	2
551	551	23
552	552	4
552	587	1
553	553	10
554	554	8
555	555	29
556	556	18
556	560	1
557	557	8
558	558	4
558	559	1
559	559	12
559	586	1
560	560	15
561	561	2
562	562	4
563	563	12
580	580	1
581	581	5
582	582	2
583	583	1
585	585	26
586	586	52
586	704	1
587	587	6
588	588	2
589	589	6
590	590	2
591	591	4
592	592	10
609	609	3
610	610	17
611	611	3
612	612	15
613	613	10
615	615	4
616	616	3
617	617	2
619	619	12
620	620	19
621	621	4
622	622	6
633	633	1
641	641	1
642	642	1
645	645	2
646	646	10
647	647	1
650	650	7
651	651	7
652	652	2
666	666	1
672	672	6
673	673	18
675	675	5
676	676	17
681	681	2
695	695	1
696	696	1
700	700	6
701	701	3
704	704	4
705	705	2
706	706	5
755	755	1
759	759	10
785	785	4
899	759	1
102
193	193	1
223	223	1
400	400	1
401	401	1
429	429	1
430	430	9
431	431	5
432	432	8
446	446	2
460	460	3
461	461	5
466	466	3
467	467	3
469	469	1
490	490	4
491	491	14
492	492	14
493	493	7
496	496	5
497	497	11
499	499	10
500	500	5
501	501	2
521	521	23
522	522	6
523	523	3
524	524	9
525	525	2
526	526	17
527	527	5
528	528	1
529	529	4
530	530	16
549	549	3
550	550	2
551	551	23
552	552	4
553	553	10
554	554	8
555	555	29
555	610	1
556	556	18
557	557	8
558	558	4
559	559	12
560	560	15
561	561	2
562	562	4
563	563	12
580	580	1
581	581	5
582	582	2
583	583	1
585	585	25
586	492	1
586	586	52
587	587	6
588	588	2
589	589	6
590	590	2
591	591	4
591	620	1
592	592	10
593	593	1
609	609	3
610	610	18
611	611	3
612	612	15
613	613	10
615	615	4
616	616	3
617	617	2
619	619	12
620	620	19
621	621	4
622	622	6
633	633	1
641	641	1
642	642	1
645	645	2
646	646	10
647	647	1
650	650	7
651	651	7
652	652	2
666	666	1
672	672	6
673	673	18
675	675	5
676	676	17
681	681	2
695	695	1
696	696	1
700	700	6
701	701	3
704	704	4
705	705	2
706	706	5
755	755	1
759	759	10
785	785	4
899	616	1
104
193	193	1
223	223	1
400	400	1
401	401	2
429	429	1
430	430	9
431	431	5
432	432	9
446	446	2
460	460	3
461	461	5
461	491	1
466	466	3
467	467	3
469	469	1
490	490	4
491	491	15
492	492	14
493	493	7
496	496	5
497	497	11
499	499	10
500	500	5
501	501	2
521	521	23
522	522	6
523	523	3
524	524	9
525	525	2
526	526	17
527	527	5
528	528	1
529	529	4
530	530	16
549	549	3
550	550	2
551	551	23
552	552	4
553	553	10
554	554	8
555	555	29
556	556	18
557	557	8
558	558	4
559	559	12
560	530	1
560	560	15
561	561	2
562	562	4
563	563	12
580	580	1
581	581	5
582	582	2
583	583	1
585	585	25
585	618	1
586	556	1
586	586	52
587	587	6
588	588	1
589	589	7
590	590	2
591	591	4
592	592	10
593	593	1
609	609	3
610	610	18
610	640	1
611	611	3
612	612	15
613	613	10
615	615	4
616	616	3
617	617	2
618	618	1
619	619	12
620	620	19
621	621	4
622	622	6
633	633	1
641	641	1
642	642	1
645	645	2
646	646	10
647	647	1
650	650	7
651	651	7
652	652	2
666	666	1
672	672	6
673	673	18
675	675	5
676	676	17
681	681	2
695	695	1
696	696	1
700	700	6
701	701	3
704	704	4
705	705	2
706	706	5
755	755	1
759	759	10
785	785	4
103
193	193	1
223	223	1
400	400	1
401	401	2
429	429	1
430	430	10
431	431	5
432	432	9
446	446	2
460	460	3
461	431	1
461	461	5
466	466	3
467	467	3
469	469	1
490	490	4
491	491	15
492	492	14
493	493	6
496	496	5
497	497	11
499	499	11
500	500	5
501	501	2
521	521	23
522	522	6
523	523	3
524	524	9
525	525	2
526	526	17
527	527	5
528	528	1
529	529	4
530	530	20
549	549	3
550	550	2
551	551	23
552	552	4
553	553	10
554	554	8
555	554	1
555	555	29
556	556	18
557	557	8
558	558	4
559	559	12
560	560	15
561	561	2
562	562	4
563	563	12
580	580	1
581	581	5
582	582	2
583	583	1
585	585	25
586	586	52
586	650	1
587	587	6
588	588	1
589	589	7
590	590	2
591	591	4
592	592	11
593	593	1
609	609	3
610	610	18
611	611	3
612	612	15
613	613	10
615	615	4
616	586	1
616	616	3
617	617	2
618	618	1
619	619	12
620	620	19
621	621	4
622	622	6
633	633	1
641	641	1
642	642	1
645	645	2
646	646	10
647	647	1
650	650	8
651	651	7
652	652	2
666	666	1
672	672	6
673	673	18
675	675	5
676	676	17
681	681	2
695	695	1
696	696	1
700	700	6
701	701	3
704	704	4
705	705	2
706	706	8
755	755	1
759	759	10
785	785	4
101
193	193	1
223	223	1
400	400	1
401	401	2
429	429	1
430	430	10
431	431	5
432	432	11
446	446	2
460	460	3
461	461	5
466	466	3
467	467	3
469	469	1
490	490	4
491	491	16
492	492	14
493	491	1
493	493	6
496	496	5
497	497	12
499	499	12
500	500	5
501	501	3
521	521	23
522	522	6
523	492	1
523	523	3
524	524	9
525	525	2
526	526	17
527	527	5
528	528	1
529	529	4
530	530	20
549	549	3
550	550	2
551	551	23
552	552	4
553	553	10
554	554	8
555	555	29
556	556	18
557	557	8
558	558	4
559	559	12
560	560	15
561	561	2
562	562	4
563	563	12
580	580	1
581	581	5
582	582	2
583	583	1
585	585	25
586	586	51
587	587	6
588	588	1
589	589	7
590	590	2
591	591	4
592	592	11
593	593	1
609	609	3
610	610	18
611	611	3
612	612	15
613	613	10
615	615	4
616	616	3
617	617	2
618	618	1
619	619	12
620	620	19
621	621	4
622	622	6
633	633	1
641	641	1
642	642	1
645	645	2
646	646	10
647	647	1
650	650	8
651	651	7
652	652	2
666	666	1
672	672	6
673	673	18
675	675	5
676	676	17
681	681	2
695	695	1
696	696	1
700	700	6
701	701	3
704	704	4
705	705	2
706	706	8
755	755	1
759	759	10
785	785	4
104
193	193	1
223	223	1
400	400	1
401	401	2
429	429	1
430	430	10
431	431	5
432	432	11
446	446	2
460	460	3
461	461	5
466	466	3
467	467	3
469	469	1
490	490	4
491	491	16
492	492	14
493	493	6
496	496	5
497	497	12
499	499	12
500	500	5
501	501	3
521	521	23
522	522	6
523	523	3
524	524	9
525	525	2
526	526	17
527	527	5
528	528	1
529	529	4
530	530	20
549	549	3
550	550	2
551	551	24
551	610	1
552	552	4
553	553	10
554	554	8
555	555	29
556	556	18
557	557	8
558	558	4
559	559	12
560	560	15
561	561	2
562	562	4
563	563	12
580	580	1
581	581	5
582	582	2
583	583	1
585	585	25
586	585	1
586	586	51
587	587	6
588	588	1
589	589	7
590	590	2
591	591	4
592	592	11
593	593	1
609	609	3
610	610	22
611	611	3
612	612	15
613	613	10
615	615	4
616	616	3
617	617	2
618	618	1
619	619	12
620	620	19
621	621	4
622	622	6
633	633	1
641	641	1
642	642	1
645	645	2
646	646	10
647	647	1
650	650	8
651	651	7
651	652	1
652	652	2
666	666	1
672	672	6
673	673	18
675	675	5
676	676	17
681	681	2
695	695	1
696	696	1
700	700	6
701	701	3
704	675	1
704	704	4
705	705	2
706	706	8
755	755	1
759	759	10
785	785	4
899	705	1
101
193	193	1
223	223	1
400	400	1
401	401	3
429	429	1
430	430	10
431	431	5
432	432	11
446	446	2
460	460	5
461	461	5
466	466	3
467	467	3
469	469	1
490	490	4
491	491	16
492	492	14
493	493	6
496	496	5
497	497	12
499	499	13
500	500	5
501	501	3
521	521	23
522	522	6
523	523	3
524	524	9
525	525	2
526	526	17
527	527	5
528	528	1
529	529	4
530	530	21
549	549	3
550	550	2
551	551	24
552	552	4
553	553	10
554	554	7
555	555	29
556	556	19
557	557	8
558	558	4
559	559	12
560	560	15
561	561	2
562	562	4
563	563	12
580	580	1
581	581	5
582	582	2
583	583	1
585	585	25
586	586	50
587	587	6
588	588	1
589	589	7
590	590	2
591	591	4
592	592	11
593	593	1
609	609	3
610	609	1
610	610	22
611	611	3
612	612	15
613	530	1
613	613	9
615	615	4
616	616	3
617	617	2
618	618	1
619	619	12
620	620	18
621	621	4
622	622	6
633	633	1
641	641	1
642	642	1
645	645	2
646	646	10
647	647	1
650	650	8
651	651	7
652	652	2
666	666	1
672	672	6
673	673	18
675	675	5
676	676	17
681	681	2
695	695	1
696	696	1
700	700	6
701	701	3
704	704	4
705	705	2
706	706	8
755	755	1
759	759	10
785	785	4
104
193	193	1
223	223	1
400	400	1
401	401	3
429	429	1
430	430	10
431	431	5
432	432	11
446	446	2
460	460	5
461	461	5
462	462	1
466	466	3
467	467	3
469	469	1
490	490	4
491	491	17
492	492	14
493	493	6
496	496	5
497	497	12
499	499	13
500	500	5
501	501	3
521	521	23
522	522	6
523	523	3
524	524	9
525	525	2
526	526	17
527	527	5
528	528	1
529	529	4
530	530	21
549	549	3
550	550	2
551	551	24
552	552	4
553	553	10
553	554	1
554	554	7
555	555	29
556	556	19
557	557	8
558	558	4
559	559	12
560	560	14
561	561	2
562	562	4
563	563	12
580	580	1
581	581	5
582	582	2
583	583	1
585	585	25
586	586	50
587	587	6
588	588	1
589	589	7
590	590	2
591	591	4
592	592	11
593	593	1
609	609	3
609	639	1
610	610	24
611	611	3
612	612	15
613	613	9
615	615	4
616	616	3
617	617	2
618	618	1
619	619	12
620	620	18
621	621	4
622	622	6
633	633	1
641	641	1
642	642	2
645	644	1
645	645	2
646	646	10
647	647	1
650	650	8
651	651	7
652	652	2
666	666	1
672	672	6
673	643	1
673	673	18
675	675	5
676	676	17
681	681	2
695	695	1
696	696	1
700	700	6
701	701	3
704	704	4
705	705	2
706	706	8
755	755	1
759	759	10
785	785	4
102
193	193	2
223	223	1
400	400	1
401	401	3
429	429	1
430	430	10
431	431	5
432	432	10
446	446	1
460	460	4
461	461	5
466	466	3
467	467	3
469	469	2
490	490	4
491	491	16
492	492	14
493	493	6
496	496	5
497	497	11
499	499	12
500	500	5
501	501	3
521	521	23
522	522	6
523	523	2
524	524	8
525	525	2
526	526	15
527	527	5
528	528	1
529	529	4
530	530	20
549	549	3
550	550	2
551	551	23
552	552	4
553	553	9
554	554	7
555	555	27
555	560	1
556	556	19
557	557	8
558	558	4
559	559	10
559	560	1
560	560	12
561	561	2
562	562	4
563	563	10
580	580	1
581	581	5
582	582	1
585	585	25
586	586	47
587	587	6
588	588	1
589	589	7
590	590	2
591	591	4
592	592	10
593	593	1
609	609	3
610	610	19
611	611	3
612	612	14
613	613	8
615	615	4
616	616	3
617	617	2
618	618	1
619	619	12
620	620	15
621	621	4
622	622	5
633	633	1
641	641	1
642	642	1
645	645	2
646	646	9
647	647	1
648	648	2
650	620	1
650	650	8
651	651	8
652	652	2
666	666	1
672	672	6
673	673	17
675	675	5
676	676	17
681	681	2
695	695	1
700	700	6
701	701	2
704	704	4
705	705	2
706	706	8
755	755	1
759	759	10
785	785	3
899	675	1
99
193	193	2
223	223	1
400	400	1
401	401	3
429	429	1
430	430	10
431	431	4
432	432	8
446	446	1
460	460	4
461	461	5
466	466	3
467	467	2
469	469	2
490	490	4
491	491	15
492	492	14
493	493	6
496	496	5
497	497	10
499	499	11
500	500	4
501	501	3
521	521	23
522	522	5
523	523	1
524	524	7
525	525	2
526	526	15
527	527	5
528	528	1
529	529	4
530	530	20
549	549	2
550	550	2
551	551	20
552	552	4
553	553	8
554	554	5
555	555	24
556	556	19
557	557	7
558	558	4
559	559	10
560	560	12
561	561	2
562	562	4
563	563	10
580	580	1
581	581	4
582	582	1
585	585	24
586	586	46
587	587	6
588	588	1
588	647	1
589	589	7
590	590	2
591	591	4
592	592	9
593	593	1
609	609	3
610	610	19
611	611	3
612	612	13
613	613	8
615	615	4
616	616	1
617	617	2
618	618	1
619	619	12
620	620	13
621	621	4
622	622	5
633	633	1
641	641	1
642	642	1
645	645	2
646	646	9
647	647	1
648	648	2
650	650	7
651	651	8
652	652	2
666	666	1
672	672	4
673	673	16
675	675	5
676	676	14
681	681	2
695	695	1
700	700	4
701	701	2
704	704	4
705	705	2
706	706	8
755	755	1
759	759	10
785	785	3
98
193	193	2
223	223	1
400	400	1
401	401	3
429	429	1
430	430	9
431	431	4
432	432	8
446	446	1
460	460	4
461	461	5
466	466	3
467	467	2
469	469	2
490	490	3
491	491	14
491	492	1
492	492	13
493	493	6
496	496	5
497	497	9
499	499	9
500	500	4
501	501	3
521	521	23
522	522	5
523	523	1
524	524	6
525	525	2
526	526	14
527	527	5
528	528	1
529	529	4
530	530	17
549	549	2
550	550	2
551	551	20
552	552	3
553	553	8
554	554	5
555	555	24
556	556	17
557	557	7
558	558	4
559	559	9
560	560	11
561	561	2
562	562	4
563	563	10
580	580	1
581	581	4
582	582	1
585	585	24
586	586	45
587	587	6
588	588	1
589	589	7
590	590	2
591	591	4
592	592	7
593	593	1
609	609	2
610	610	19
611	611	3
612	612	12
613	613	8
615	615	3
616	616	1
617	617	2
618	618	1
619	619	11
620	620	13
621	621	4
622	622	5
633	633	1
641	641	1
642	642	1
645	645	2
646	646	8
647	647	1
648	648	2
650	650	7
651	651	8
652	652	2
666	666	1
672	672	4
673	673	16
675	675	5
676	676	14
681	681	2
700	700	4
701	701	2
704	704	4
705	705	2
706	706	7
755	755	1
759	759	10
785	785	3
100
193	193	2
223	223	1
400	400	1
401	401	2
429	429	1
430	430	8
431	431	4
432	432	8
446	446	1
460	460	3
461	461	4
466	466	3
467	467	2
469	469	2
490	490	3
491	491	14
492	492	12
493	493	6
496	496	5
497	497	8
499	499	8
500	500	4
501	501	3
521	521	20
522	522	5
523	523	1
524	524	6
525	525	2
526	526	13
527	527	5
528	528	1
529	529	5
530	530	17
549	549	2
550	550	2
551	551	21
552	552	2
553	553	5
554	554	4
555	555	23
556	556	17
557	557	6
558	558	4
559	559	8
560	530	1
560	560	11
561	561	2
562	562	4
563	563	9
580	580	2
581	581	4
585	585	22
586	586	40
587	587	4
587	588	1
588	588	1
589	589	7
589	619	1
590	590	2
591	591	4
592	592	8
593	593	1
609	609	2
610	610	16
611	611	3
612	612	12
613	613	7
615	615	3
616	616	1
617	617	2
618	618	1
619	619	10
620	620	11
620	650	1
621	621	4
622	622	5
633	633	1
641	671	1
642	642	1
645	645	3
646	646	7
647	647	1
648	648	1
650	650	7
651	651	8
652	652	2
666	666	1
672	672	3
673	673	15
675	675	4
676	676	14
681	681	2
700	700	3
701	701	2
704	704	4
705	705	2
706	706	6
755	755	1
759	759	9
785	785	3
100
193	193	2
400	400	1
401	401	2
429	429	1
430	430	8
431	431	4
432	432	8
446	446	1
460	460	3
461	461	4
466	466	3
467	467	2
469	469	2
490	490	3
491	491	12
492	492	12
493	493	6
496	496	5
497	497	8
499	499	9
500	500	4
501	501	3
521	521	20
522	522	5
523	523	1
524	524	6
525	525	2
526	526	12
527	527	5
528	528	1
529	529	5
530	530	16
549	549	2
550	550	2
551	551	20
552	552	2
553	553	4
554	554	4
555	555	20
555	610	1
556	556	16
557	557	6
558	558	2
559	559	7
560	560	10
561	561	2
562	562	4
563	563	8
580	580	2
581	581	4
585	585	20
586	586	38
587	587	4
588	588	1
589	589	5
590	590	2
591	591	4
592	592	7
593	593	1
609	609	2
610	610	15
611	611	2
612	612	12
613	613	7
615	615	2
616	616	1
617	617	2
618	618	1
619	619	10
620	620	10
621	621	4
622	622	5
633	633	1
642	642	1
645	645	3
646	646	6
647	647	1
648	648	1
650	650	7
651	651	8
652	652	2
666	666	1
672	672	3
673	645	1
673	673	13
675	675	3
676	676	14
681	681	2
700	700	3
701	701	2
704	704	3
705	704	1
705	705	2
706	706	6
755	755	1
759	759	9
785	785	3
788	788	5
899	586	1
899	610	1
97
193	193	1
400	400	1
401	401	2
429	429	1
430	430	8
431	431	4
432	432	8
446	446	1
460	460	2
461	461	4
466	466	2
467	467	1
469	469	2
490	490	3
491	491	12
492	492	12
493	493	6
496	496	4
497	497	8
499	499	8
500	500	4
501	501	3
521	521	19
522	522	5
523	523	1
524	524	5
525	525	1
526	526	12
527	527	5
528	528	1
529	529	4
530	530	15
549	549	2
550	550	2
551	551	18
552	552	2
553	553	4
554	554	4
555	555	18
556	556	15
557	557	6
558	558	2
559	559	7
560	560	9
561	561	2
562	562	3
563	563	8
580	580	2
581	581	3
585	585	19
586	586	34
587	587	3
588	588	1
589	589	3
590	590	2
591	591	4
592	592	5
593	593	1
609	609	2
610	610	13
611	611	1
612	612	11
613	613	7
615	615	2
616	616	1
617	617	2
618	618	1
619	619	10
620	620	9
621	621	4
622	622	5
633	633	1
642	642	1
645	645	3
645	646	1
646	646	6
647	647	1
648	648	1
650	649	1
650	650	7
651	651	8
652	652	1
666	666	1
672	672	3
673	673	11
675	675	3
676	676	13
681	681	2
700	700	3
701	701	2
704	704	3
705	705	2
706	706	6
755	755	1
759	759	9
785	785	3
788	788	5
94
193	193	1
400	400	1
401	401	2
429	429	1
430	430	7
431	431	4
432	432	8
446	446	1
460	460	2
461	461	4
466	466	2
467	467	1
469	469	1
490	490	3
491	491	12
492	492	12
493	493	5
496	496	4
497	497	8
499	499	7
500	500	4
501	501	2
521	521	18
522	522	5
523	523	1
524	524	4
525	525	1
526	526	11
527	527	5
528	528	1
529	529	4
530	530	14
549	549	2
550	550	2
551	551	15
552	552	1
553	553	4
554	554	4
555	555	15
556	556	13
557	557	5
558	558	2
559	559	7
560	560	6
561	561	2
562	562	3
563	563	7
580	580	2
581	581	3
585	585	17
586	586	31
587	587	3
588	588	1
589	589	3
590	590	2
591	591	4
592	592	5
593	593	1
609	609	2
610	610	12
611	611	1
612	612	10
613	613	7
615	615	2
616	616	1
617	617	2
619	619	10
620	620	9
621	621	4
622	622	5
633	633	1
642	642	1
645	645	1
646	646	6
647	647	1
648	648	1
650	650	7
651	651	8
652	652	1
666	666	1
672	672	3
673	673	10
675	675	3
676	676	13
681	681	2
700	700	2
701	701	2
704	704	2
705	705	2
706	706	6
755	755	1
759	759	8
785	785	3
788	788	5
94
193	193	1
400	400	1
401	401	2
430	430	7
431	431	3
432	432	7
446	446	1
460	460	2
461	461	4
466	466	2
467	467	1
469	469	1
490	490	3
491	491	11
492	492	12
492	493	1
493	493	5
496	496	4
497	497	8
499	499	7
500	500	3
501	501	1
521	521	17
522	522	5
523	523	1
524	524	4
525	525	1
526	526	10
527	527	5
528	528	1
529	529	4
530	530	14
549	549	2
550	550	2
551	551	12
551	552	1
553	553	4
554	554	3
555	555	12
556	556	13
557	557	5
558	558	2
559	559	6
560	560	6
561	561	2
562	562	3
563	563	7
580	580	2
581	581	3
585	585	17
586	586	29
586	680	1
587	587	3
588	588	1
589	589	3
590	590	1
591	591	4
592	592	5
593	593	1
609	609	2
610	610	11
611	611	1
612	612	10
613	613	7
615	615	2
617	617	2
619	619	9
620	620	9
621	621	4
622	622	5
633	633	1
640	641	1
642	642	1
645	645	1
646	646	6
647	647	1
648	648	1
650	650	7
651	651	8
652	652	1
666	666	1
672	672	2
673	673	10
675	675	3
676	676	11
681	681	2
700	700	2
701	701	2
704	704	2
705	705	2
706	706	6
759	759	8
785	785	1
788	788	5
90
400	400	1
401	401	2
430	430	6
431	431	3
432	432	7
446	446	1
460	460	2
461	461	4
466	466	2
467	467	1
469	469	1
490	490	3
491	491	9
492	492	12
493	493	4
496	496	4
497	497	7
499	499	7
500	500	3
501	501	1
521	521	17
522	522	5
523	523	1
524	524	4
525	525	1
526	526	9
527	527	5
528	528	1
529	529	3
530	530	13
549	549	2
550	550	2
551	551	12
553	553	2
554	554	2
555	555	10
556	556	12
557	557	3
558	558	2
559	559	6
560	560	6
561	561	2
562	562	3
563	563	7
580	580	2
581	581	3
585	585	16
586	586	25
586	620	1
587	587	2
588	588	1
589	589	3
590	590	1
591	591	4
592	592	3
593	593	1
609	609	2
610	610	10
611	611	1
612	612	9
613	613	7
615	615	2
617	617	2
619	619	8
620	620	8
621	621	3
622	622	5
633	633	1
642	642	1
645	645	1
646	646	6
647	647	1
648	648	1
650	650	7
651	651	8
652	652	1
666	666	1
672	672	1
673	673	10
675	675	2
676	676	9
681	681	2
700	700	2
701	701	2
704	704	2
705	705	2
706	706	6
759	759	7
785	785	1
788	788	5
91
401	401	2
430	430	6
431	431	3
432	432	4
446	446	1
460	460	2
461	461	3
466	466	2
467	467	1
469	469	1
490	490	3
491	491	7
492	492	12
493	493	4
496	496	4
497	497	7
499	499	7
500	500	2
501	501	1
521	521	17
522	522	4
523	523	1
524	524	4
525	525	1
526	526	7
527	527	5
528	528	1
529	529	3
530	530	11
549	549	2
550	550	2
551	551	12
553	553	3
554	554	2
555	555	10
556	556	11
557	557	3
558	558	2
559	529	1
559	559	6
560	560	6
561	561	2
562	562	3
563	563	7
580	580	2
581	581	3
585	585	14
586	586	24
587	587	2
588	588	1
589	589	3
590	590	1
591	591	3
592	592	2
593	593	1
609	609	2
610	610	8
611	611	1
612	612	9
613	613	7
615	615	2
617	617	2
619	619	7
620	620	8
621	621	3
622	622	5
633	633	1
639	669	1
642	642	1
645	645	1
646	646	5
647	647	1
648	648	1
650	650	6
651	651	8
652	652	1
666	666	1
672	672	1
673	673	8
675	675	1
675	676	1
676	676	9
681	681	2
700	700	2
701	701	2
704	704	2
705	705	2
706	706	4
759	759	6
785	785	1
788	788	4
87
401	401	2
430	430	6
431	431	3
432	432	3
446	446	1
460	460	2
461	461	3
466	466	2
467	467	1
469	469	1
490	490	3
491	491	7
492	492	10
493	493	3
496	496	3
497	497	7
499	499	6
500	500	2
501	501	1
521	521	15
522	522	4
523	523	1
524	524	4
525	525	1
526	526	7
527	527	4
528	528	1
529	529	3
530	530	11
549	549	2
550	550	2
551	551	10
553	553	3
554	554	2
555	555	9
556	556	11
557	557	3
558	558	1
559	559	6
560	560	6
561	561	1
562	562	2
563	563	4
580	580	2
581	581	2
585	585	13
586	586	24
587	587	2
588	588	1
589	589	3
590	590	1
591	591	2
592	592	2
593	593	1
609	609	2
610	610	8
611	611	1
612	582	1
612	612	9
613	613	6
617	617	2
619	619	7
620	620	8
621	621	3
622	622	5
633	633	1
645	645	1
646	646	4
647	647	1
650	650	6
651	651	7
652	652	1
666	666	1
669	668	1
672	672	1
673	673	8
675	675	1
676	676	8
681	681	2
700	700	1
701	701	2
704	704	2
705	705	2
706	706	4
759	759	6
785	785	1
788	788	3
83
401	401	2
430	430	4
431	431	3
432	432	1
446	446	1
460	460	2
461	461	3
466	466	2
467	467	1
469	469	1
490	490	2
491	491	7
492	492	10
493	493	3
496	496	3
497	497	6
499	499	4
500	500	1
501	501	1
521	521	14
522	522	4
523	523	1
524	524	4
525	525	1
526	526	6
527	527	4
528	528	1
529	529	3
530	530	11
549	549	2
550	550	1
551	551	9
553	553	3
554	554	2
555	555	8
556	556	9
557	557	1
558	558	1
559	559	6
560	560	5
561	561	1
562	562	2
563	563	3
580	580	2
581	581	2
585	585	13
586	586	22
587	587	1
588	588	1
589	589	2
590	590	1
591	591	2
592	592	2
609	609	2
610	610	7
611	611	1
612	612	8
613	613	6
617	617	1
619	619	5
620	620	8
621	621	3
622	622	5
633	633	1
645	645	1
646	646	3
650	650	4
651	651	6
652	652	1
666	666	1
672	672	1
673	673	7
675	675	1
676	646	1
676	676	8
681	681	2
700	700	1
701	701	2
704	704	2
705	705	2
706	706	4
759	759	6
788	788	3
80
401	401	1
430	430	3
431	431	3
432	432	1
446	446	1
460	460	2
461	461	3
466	466	1
467	467	1
469	469	1
490	490	1
491	491	6
492	492	10
493	493	1
496	496	2
497	497	6
499	499	3
501	501	1
521	521	11
522	522	1
523	523	1
524	524	3
525	525	1
526	526	4
527	527	4
528	528	1
529	529	3
530	530	11
549	549	2
550	550	1
551	551	8
553	553	3
554	554	1
555	555	8
556	556	10
557	557	1
558	558	1
559	559	5
560	560	4
561	561	1
562	562	1
563	563	1
580	580	2
581	581	2
585	585	12
586	586	17
587	587	1
588	588	1
589	589	2
590	590	1
591	591	2
592	592	1
609	609	1
610	610	7
612	612	8
613	613	6
617	617	1
619	619	5
620	620	5
621	621	3
622	622	4
633	633	1
645	645	1
646	646	3
650	650	4
651	651	6
652	652	1
666	666	1
672	672	1
673	673	7
675	675	1
676	676	8
681	681	2
700	700	1
701	701	2
704	704	2
705	705	2
706	706	4
759	759	4
788	788	2
74
401	401	1
430	430	2
431	431	2
432	432	1
446	446	1
460	460	2
461	461	2
466	466	1
467	467	1
469	469	1
490	490	1
491	491	5
492	492	8
493	493	1
496	496	1
497	497	6
499	499	1
501	501	1
521	521	9
522	522	1
523	523	1
524	524	3
525	525	1
526	526	3
527	527	3
529	529	3
530	530	10
549	549	2
551	551	7
553	553	3
554	554	1
555	555	6
556	556	8
557	557	1
558	558	1
559	559	4
560	560	3
561	561	1
562	562	1
563	563	1
580	580	2
581	581	2
585	585	10
586	586	16
588	588	1
589	589	2
590	590	1
591	591	2
592	592	1
609	609	1
610	610	6
612	612	4
613	613	5
617	617	1
619	619	3
620	620	3
621	621	3
622	622	2
633	633	1
646	646	2
650	650	4
651	651	6
652	652	1
666	666	1
673	673	7
675	675	1
676	676	7
681	681	1
701	701	2
704	704	2
705	705	1
706	706	4
759	759	3
788	788	2
68
401	401	1
430	430	3
431	431	2
446	446	1
460	460	2
461	461	2
466	466	1
467	467	1
490	490	1
491	491	4
492	492	7
493	493	1
496	496	1
497	497	6
499	499	1
501	501	1
521	521	7
522	522	1
523	523	1
524	524	2
526	526	3
527	527	3
529	529	3
530	530	8
549	549	2
551	551	6
553	553	3
554	554	1
555	555	6
556	556	7
557	557	1
558	558	1
559	559	3
560	560	3
561	561	1
562	562	1
563	563	1
580	580	1
581	581	1
585	585	9
586	586	14
588	588	1
589	589	2
591	591	1
609	609	1
610	610	5
612	612	3
613	613	4
617	617	1
619	619	2
620	620	1
621	621	1
622	622	2
633	633	1
646	646	2
650	650	4
651	651	4
652	652	1
666	666	1
673	673	7
675	675	1
676	676	5
681	681	1
701	701	2
704	704	1
706	706	2
759	759	3
788	788	2
57
430	430	3
460	460	1
461	461	1
466	466	1
467	467	1
491	491	3
492	492	4
497	497	5
499	499	1
501	501	1
521	521	4
522	522	1
523	523	1
524	524	2
526	526	3
527	527	1
529	529	3
530	530	7
549	549	2
551	551	6
553	553	3
554	554	1
555	555	5
556	556	5
558	558	1
559	559	2
560	560	3
561	561	1
562	562	1
580	580	1
581	581	1
585	585	8
586	586	11
588	588	1
589	589	1
591	591	1
609	609	1
610	610	3
612	612	1
613	613	4
619	619	2
620	620	1
622	622	2
633	633	1
646	646	1
650	650	3
651	651	3
652	652	1
666	666	1
673	673	5
675	675	1
676	676	4
681	681	1
704	704	1
706	706	2
759	759	2
788	788	1
49
461	461	1
466	466	1
467	467	1
491	491	2
492	492	2
497	497	5
501	501	1
521	521	3
522	522	1
523	523	1
524	524	1
526	526	2
529	529	3
530	530	4
549	549	1
551	551	3
553	553	3
554	554	1
555	555	5
556	556	3
559	559	2
560	560	3
562	562	1
581	581	1
585	585	4
586	586	9
588	588	1
589	589	1
591	591	1
610	610	3
612	612	1
613	613	4
619	619	1
620	620	1
622	622	2
633	633	1
646	646	1
650	650	2
651	651	3
652	652	1
673	673	4
675	675	1
676	676	4
681	681	1
700	700	1
704	704	1
706	706	1
759	759	1
788	788	1
39
461	461	1
492	492	2
497	497	5
501	501	1
521	521	3
522	522	1
526	526	1
529	529	3
530	530	3
551	551	3
553	553	2
555	555	5
556	556	2
559	559	2
560	560	2
562	562	1
581	581	1
585	585	3
585	652	1
586	586	6
588	588	1
589	589	1
591	591	1
610	610	1
613	613	4
620	620	1
622	622	2
633	633	1
646	646	1
650	650	1
651	651	2
652	652	1
673	673	2
675	675	1
676	676	3
704	704	1
706	706	1
759	759	1
788	788	1
30
492	492	1
497	497	3
501	501	1
521	521	1
526	526	1
529	529	1
530	530	1
553	553	1
555	555	2
556	556	1
559	559	1
560	560	2
562	562	1
581	581	1
585	585	2
586	586	3
591	591	1
610	610	1
613	613	2
633	633	1
646	646	1
650	650	1
651	651	2
673	673	1
675	675	1
676	676	1
704	704	1
706	706	1
759	759	1
788	788	1
0
0
0
0
0
0
0
0
0
0
0
0
0
0
0
0
0
0
0
0
0
0
0
0
0
0
0
0
0
0
0
0
0
0
0
0
0
0
0
0
0
0
0
0
0
0
0
0
0
0
0
0
0
0
0
0
0
0
0
0
0
0
0
0
0
0
0
0
0
0
0
0
0
0
0
0
0
0
0
0
0
0
0
0
0
0
0
0
0
0
0
0
0
0
0
0
0
0
0
0
0
0
0
0
0
0
0
0
0
0
0
0
0
0
0
0
0
0
0
0
0
0
0
0
0
0
0
0
0
0
0
0
0
0
0
0
0
0
0
0
0
0
0
0
0
0
0
0
0
0
0
0
0
0
0
0
0
0
0
0
0
0
0
0
0
0
0
0
0
0
0
0
0
0
0
0
0
0
0
0
0
0
0
0
0
0
0
0
0
0
0
0
0
0
0
0
0
0
0
0
0
0
0
0
0
0
0
0
0
0
0
0
0
0
0
0
0
0
0
0
0
0
0
0
0
0
0
0
0
0
0
0
0
0
0
0
0
0
0
0
0
0
0
0
0
0
0
0
0
0
0
0
0
0
0
0
0
0
0
0
0
0
0
0
0
0
0
0
0
0
0
0
0
0
0
0
0
0
0
0
0
0
0
0
0
0
0
0
0
0
0
0
0
0
0
0
0
0
0
0
0
0
0
0
0
0
0
0
0
0
0
0
0
0
0
0
0
0
0
0
0
0
0
0
0
0
0
0
0
0
0
0
0
0
0
0
0
0
0
0
0
0
0
0
0
0
0
0
0
0
0
0
0
0
0
0
0
0
0
0
0
0
0
0
0
0
0
0
0
0
0
0
0
0
0
0
0
0
0
0
0
0
0
0
0
0
0
0
0
0
0
0
0
0
0
0
0
0
0
0
0
0
0
0
0
0
0
0
0
0
0
0
0
0
0
0
0
0
0
0
0
0
0
0
0
0
0
0
0
0
0
0
0
0
0
0
0
0
0
0
0
0
0
0
0
0
0
0
0
0
0
0
0
0
0
0
0
0
0
0
0
0
0
0
0
0
0
0
0
0
0
0
0
0
0
0
0
0
0
0
0
0
0
0
0
0
0
0
0
0
0
0
0
0
0
0
0
0
0
0
0
0
0
0
0
0
0
0
0
0
0
0
0
0
0
0
0
0
0
0
0
0
0
0
0
0
0
0
0
0
0
0
0
0
0
0
0
0
0
0
0
0
0
0
0
0
0
0
0
0
0
0
0
0
0
0
0
0
0
0
0
0
0
0
0
0
0
0
0
0
0
0
0
0
0
0
0
0
0
0
0
0
0
0
0
0
0
0
0
0
0
0
0
0
0
0
0
0
0
0
0
0
0
0
0
0
0
0
0
0
0
0
0
0
0
0
0
0
0
0
0
0
0
0
0
0
0
0
0
0
0
0
0
0
0
0
0
0
0
0
0
0
0
0
0
0
0
0
0
0
0
0
0
0
0
0
0
0
0
0
0
0
0
0
0
0
0
0
0
0
0
0
0
0
0
0
0
0
0
0
0
0
0
0
0
0
0
0
0
0
0
0
0
0
0
0
0
0
0
0
0
0
0
0
0
0
0
0
0
0
0
0
0
0
0
0
0
0
0
0
0
0
0
0
0
0
0
0
0
0
0
0
0
0
0
0
0
0
0
0
0
0
0
0
0
0
0
0
0
0
0
0
0
0
0
0
0
0
0
0
0
0
0
0
0
0
0
0
0
0
0
0
0
0
0
0
0
0
0
0
0
0
0
0
0
0
0
0
0
0
0
0
0
0
0
0
0
0
0
0
0
0
0
0
0
0
0
0
0
0
0
0
0
0
0
0
0
0
0
0
0
0
0
0
0
0
0
0
0
0
0
0
0
0
0
0
0
0
0
0
0
0
0
0
0
0
0
0
0
0
0
0
0
0
0
0
0
0
0
0
0
0
0
0
0
0
0
0
0
0
0
0
0
0
0
0
0
0
0
0
0
0
0
0
0
0
0
0
0
0
0
0
0
0
0
0
0
0
0
0
0
0
0
0
0
0
0
0
0
0
0
0
0
0
0
0
0
0
0
0
0
0
0
0
0
0
0
0
0
0
0
0
0
0
0
0
0
0
0
0
0
0
0
0
0
0
0
0
0
0
0
0
0
0
0
0
0
0
0
0
0
0
0
0
0
0
0
0
0
0
0
0
0
0
0
0
0
0
0
0
0
0
0
0
0
0
0
0
0
0
0
0
0
0
0
0
0
0
0
0
0
0
0
0
0
0
0
0
0
0
0
0
0
0
0
0
0
0
0
0
0
0
0
0
0
0
0
0
0
0
0
0
0
0
0
0
0
0
0
0
0
0
0
0
0
0
0
0
0
0
0
0
0
0
0
0
0
0
0
0
0
0
0
0
0
0
0
0
0
0
0
0
0
0
0
0
0
0
0
0
0
0
0
0
0
0
0
0
0
0
0
0
0
0
0
0
0
0
0
0
0
0
0
0
0
0
0
0
0
0
0
0
0
0
0
0
0
0
0
0
0
0
0
0
0
0
0
0
0
0
0
0
0
0
0
0
0
0
0
0
0
0
0
0
0
0
0
0
0
0
0
0
0
0
0
0
0
0
0
0
0
0
0
0
0
0
0
0
0
0
0
0
0
0
0
0
0
0
0
0
0
0
0
0
0
0
0
0
0
0
0
0
0
0
0
0
0
0
0
0
0
0
0
0
0
0
0
0
0
0
0
0
0
0
0
0
0
0
0
0
0
0
0
0
0
0
0
0
0
0
0
0
0
0
0
0
0
0
0
0
0
0
0
0
0
0
0
0
0
0
0
0
0
0
0
0
0
0
0
0
0
0
0
0
0
0
0
0
0
0
0
0
0
0
0
0
0
0
0
0
0
0
0
0
0
0
0
0
0
0
0
0
0
0
0
0
0
0
0
0
0
0
0
0
0
0
0
0
0
0
0
0
0
0
0
0
0
0
0
0
0
0
0
0
0
0
0
0
0
0
0
0
0
0
0
0
0
0
0
0
0
0
0
0
0
0
0
0
0
0
0
0
0
0
0
0
0
0
0
0
0
0
0
0
0
0
0
0
0
0
0
0
0
0
0
0
0
0
0
0
0
